1
1000 1997
0 999 2000
1 999 1998
2 999 1996
3 999 1994
4 999 1992
5 999 1990
6 999 1988
7 999 1986
8 999 1984
9 999 1982
10 999 1980
11 999 1978
12 999 1976
13 999 1974
14 999 1972
15 999 1970
16 999 1968
17 999 1966
18 999 1964
19 999 1962
20 999 1960
21 999 1958
22 999 1956
23 999 1954
24 999 1952
25 999 1950
26 999 1948
27 999 1946
28 999 1944
29 999 1942
30 999 1940
31 999 1938
32 999 1936
33 999 1934
34 999 1932
35 999 1930
36 999 1928
37 999 1926
38 999 1924
39 999 1922
40 999 1920
41 999 1918
42 999 1916
43 999 1914
44 999 1912
45 999 1910
46 999 1908
47 999 1906
48 999 1904
49 999 1902
50 999 1900
51 999 1898
52 999 1896
53 999 1894
54 999 1892
55 999 1890
56 999 1888
57 999 1886
58 999 1884
59 999 1882
60 999 1880
61 999 1878
62 999 1876
63 999 1874
64 999 1872
65 999 1870
66 999 1868
67 999 1866
68 999 1864
69 999 1862
70 999 1860
71 999 1858
72 999 1856
73 999 1854
74 999 1852
75 999 1850
76 999 1848
77 999 1846
78 999 1844
79 999 1842
80 999 1840
81 999 1838
82 999 1836
83 999 1834
84 999 1832
85 999 1830
86 999 1828
87 999 1826
88 999 1824
89 999 1822
90 999 1820
91 999 1818
92 999 1816
93 999 1814
94 999 1812
95 999 1810
96 999 1808
97 999 1806
98 999 1804
99 999 1802
100 999 1800
101 999 1798
102 999 1796
103 999 1794
104 999 1792
105 999 1790
106 999 1788
107 999 1786
108 999 1784
109 999 1782
110 999 1780
111 999 1778
112 999 1776
113 999 1774
114 999 1772
115 999 1770
116 999 1768
117 999 1766
118 999 1764
119 999 1762
120 999 1760
121 999 1758
122 999 1756
123 999 1754
124 999 1752
125 999 1750
126 999 1748
127 999 1746
128 999 1744
129 999 1742
130 999 1740
131 999 1738
132 999 1736
133 999 1734
134 999 1732
135 999 1730
136 999 1728
137 999 1726
138 999 1724
139 999 1722
140 999 1720
141 999 1718
142 999 1716
143 999 1714
144 999 1712
145 999 1710
146 999 1708
147 999 1706
148 999 1704
149 999 1702
150 999 1700
151 999 1698
152 999 1696
153 999 1694
154 999 1692
155 999 1690
156 999 1688
157 999 1686
158 999 1684
159 999 1682
160 999 1680
161 999 1678
162 999 1676
163 999 1674
164 999 1672
165 999 1670
166 999 1668
167 999 1666
168 999 1664
169 999 1662
170 999 1660
171 999 1658
172 999 1656
173 999 1654
174 999 1652
175 999 1650
176 999 1648
177 999 1646
178 999 1644
179 999 1642
180 999 1640
181 999 1638
182 999 1636
183 999 1634
184 999 1632
185 999 1630
186 999 1628
187 999 1626
188 999 1624
189 999 1622
190 999 1620
191 999 1618
192 999 1616
193 999 1614
194 999 1612
195 999 1610
196 999 1608
197 999 1606
198 999 1604
199 999 1602
200 999 1600
201 999 1598
202 999 1596
203 999 1594
204 999 1592
205 999 1590
206 999 1588
207 999 1586
208 999 1584
209 999 1582
210 999 1580
211 999 1578
212 999 1576
213 999 1574
214 999 1572
215 999 1570
216 999 1568
217 999 1566
218 999 1564
219 999 1562
220 999 1560
221 999 1558
222 999 1556
223 999 1554
224 999 1552
225 999 1550
226 999 1548
227 999 1546
228 999 1544
229 999 1542
230 999 1540
231 999 1538
232 999 1536
233 999 1534
234 999 1532
235 999 1530
236 999 1528
237 999 1526
238 999 1524
239 999 1522
240 999 1520
241 999 1518
242 999 1516
243 999 1514
244 999 1512
245 999 1510
246 999 1508
247 999 1506
248 999 1504
249 999 1502
250 999 1500
251 999 1498
252 999 1496
253 999 1494
254 999 1492
255 999 1490
256 999 1488
257 999 1486
258 999 1484
259 999 1482
260 999 1480
261 999 1478
262 999 1476
263 999 1474
264 999 1472
265 999 1470
266 999 1468
267 999 1466
268 999 1464
269 999 1462
270 999 1460
271 999 1458
272 999 1456
273 999 1454
274 999 1452
275 999 1450
276 999 1448
277 999 1446
278 999 1444
279 999 1442
280 999 1440
281 999 1438
282 999 1436
283 999 1434
284 999 1432
285 999 1430
286 999 1428
287 999 1426
288 999 1424
289 999 1422
290 999 1420
291 999 1418
292 999 1416
293 999 1414
294 999 1412
295 999 1410
296 999 1408
297 999 1406
298 999 1404
299 999 1402
300 999 1400
301 999 1398
302 999 1396
303 999 1394
304 999 1392
305 999 1390
306 999 1388
307 999 1386
308 999 1384
309 999 1382
310 999 1380
311 999 1378
312 999 1376
313 999 1374
314 999 1372
315 999 1370
316 999 1368
317 999 1366
318 999 1364
319 999 1362
320 999 1360
321 999 1358
322 999 1356
323 999 1354
324 999 1352
325 999 1350
326 999 1348
327 999 1346
328 999 1344
329 999 1342
330 999 1340
331 999 1338
332 999 1336
333 999 1334
334 999 1332
335 999 1330
336 999 1328
337 999 1326
338 999 1324
339 999 1322
340 999 1320
341 999 1318
342 999 1316
343 999 1314
344 999 1312
345 999 1310
346 999 1308
347 999 1306
348 999 1304
349 999 1302
350 999 1300
351 999 1298
352 999 1296
353 999 1294
354 999 1292
355 999 1290
356 999 1288
357 999 1286
358 999 1284
359 999 1282
360 999 1280
361 999 1278
362 999 1276
363 999 1274
364 999 1272
365 999 1270
366 999 1268
367 999 1266
368 999 1264
369 999 1262
370 999 1260
371 999 1258
372 999 1256
373 999 1254
374 999 1252
375 999 1250
376 999 1248
377 999 1246
378 999 1244
379 999 1242
380 999 1240
381 999 1238
382 999 1236
383 999 1234
384 999 1232
385 999 1230
386 999 1228
387 999 1226
388 999 1224
389 999 1222
390 999 1220
391 999 1218
392 999 1216
393 999 1214
394 999 1212
395 999 1210
396 999 1208
397 999 1206
398 999 1204
399 999 1202
400 999 1200
401 999 1198
402 999 1196
403 999 1194
404 999 1192
405 999 1190
406 999 1188
407 999 1186
408 999 1184
409 999 1182
410 999 1180
411 999 1178
412 999 1176
413 999 1174
414 999 1172
415 999 1170
416 999 1168
417 999 1166
418 999 1164
419 999 1162
420 999 1160
421 999 1158
422 999 1156
423 999 1154
424 999 1152
425 999 1150
426 999 1148
427 999 1146
428 999 1144
429 999 1142
430 999 1140
431 999 1138
432 999 1136
433 999 1134
434 999 1132
435 999 1130
436 999 1128
437 999 1126
438 999 1124
439 999 1122
440 999 1120
441 999 1118
442 999 1116
443 999 1114
444 999 1112
445 999 1110
446 999 1108
447 999 1106
448 999 1104
449 999 1102
450 999 1100
451 999 1098
452 999 1096
453 999 1094
454 999 1092
455 999 1090
456 999 1088
457 999 1086
458 999 1084
459 999 1082
460 999 1080
461 999 1078
462 999 1076
463 999 1074
464 999 1072
465 999 1070
466 999 1068
467 999 1066
468 999 1064
469 999 1062
470 999 1060
471 999 1058
472 999 1056
473 999 1054
474 999 1052
475 999 1050
476 999 1048
477 999 1046
478 999 1044
479 999 1042
480 999 1040
481 999 1038
482 999 1036
483 999 1034
484 999 1032
485 999 1030
486 999 1028
487 999 1026
488 999 1024
489 999 1022
490 999 1020
491 999 1018
492 999 1016
493 999 1014
494 999 1012
495 999 1010
496 999 1008
497 999 1006
498 999 1004
499 999 1002
500 999 1000
501 999 998
502 999 996
503 999 994
504 999 992
505 999 990
506 999 988
507 999 986
508 999 984
509 999 982
510 999 980
511 999 978
512 999 976
513 999 974
514 999 972
515 999 970
516 999 968
517 999 966
518 999 964
519 999 962
520 999 960
521 999 958
522 999 956
523 999 954
524 999 952
525 999 950
526 999 948
527 999 946
528 999 944
529 999 942
530 999 940
531 999 938
532 999 936
533 999 934
534 999 932
535 999 930
536 999 928
537 999 926
538 999 924
539 999 922
540 999 920
541 999 918
542 999 916
543 999 914
544 999 912
545 999 910
546 999 908
547 999 906
548 999 904
549 999 902
550 999 900
551 999 898
552 999 896
553 999 894
554 999 892
555 999 890
556 999 888
557 999 886
558 999 884
559 999 882
560 999 880
561 999 878
562 999 876
563 999 874
564 999 872
565 999 870
566 999 868
567 999 866
568 999 864
569 999 862
570 999 860
571 999 858
572 999 856
573 999 854
574 999 852
575 999 850
576 999 848
577 999 846
578 999 844
579 999 842
580 999 840
581 999 838
582 999 836
583 999 834
584 999 832
585 999 830
586 999 828
587 999 826
588 999 824
589 999 822
590 999 820
591 999 818
592 999 816
593 999 814
594 999 812
595 999 810
596 999 808
597 999 806
598 999 804
599 999 802
600 999 800
601 999 798
602 999 796
603 999 794
604 999 792
605 999 790
606 999 788
607 999 786
608 999 784
609 999 782
610 999 780
611 999 778
612 999 776
613 999 774
614 999 772
615 999 770
616 999 768
617 999 766
618 999 764
619 999 762
620 999 760
621 999 758
622 999 756
623 999 754
624 999 752
625 999 750
626 999 748
627 999 746
628 999 744
629 999 742
630 999 740
631 999 738
632 999 736
633 999 734
634 999 732
635 999 730
636 999 728
637 999 726
638 999 724
639 999 722
640 999 720
641 999 718
642 999 716
643 999 714
644 999 712
645 999 710
646 999 708
647 999 706
648 999 704
649 999 702
650 999 700
651 999 698
652 999 696
653 999 694
654 999 692
655 999 690
656 999 688
657 999 686
658 999 684
659 999 682
660 999 680
661 999 678
662 999 676
663 999 674
664 999 672
665 999 670
666 999 668
667 999 666
668 999 664
669 999 662
670 999 660
671 999 658
672 999 656
673 999 654
674 999 652
675 999 650
676 999 648
677 999 646
678 999 644
679 999 642
680 999 640
681 999 638
682 999 636
683 999 634
684 999 632
685 999 630
686 999 628
687 999 626
688 999 624
689 999 622
690 999 620
691 999 618
692 999 616
693 999 614
694 999 612
695 999 610
696 999 608
697 999 606
698 999 604
699 999 602
700 999 600
701 999 598
702 999 596
703 999 594
704 999 592
705 999 590
706 999 588
707 999 586
708 999 584
709 999 582
710 999 580
711 999 578
712 999 576
713 999 574
714 999 572
715 999 570
716 999 568
717 999 566
718 999 564
719 999 562
720 999 560
721 999 558
722 999 556
723 999 554
724 999 552
725 999 550
726 999 548
727 999 546
728 999 544
729 999 542
730 999 540
731 999 538
732 999 536
733 999 534
734 999 532
735 999 530
736 999 528
737 999 526
738 999 524
739 999 522
740 999 520
741 999 518
742 999 516
743 999 514
744 999 512
745 999 510
746 999 508
747 999 506
748 999 504
749 999 502
750 999 500
751 999 498
752 999 496
753 999 494
754 999 492
755 999 490
756 999 488
757 999 486
758 999 484
759 999 482
760 999 480
761 999 478
762 999 476
763 999 474
764 999 472
765 999 470
766 999 468
767 999 466
768 999 464
769 999 462
770 999 460
771 999 458
772 999 456
773 999 454
774 999 452
775 999 450
776 999 448
777 999 446
778 999 444
779 999 442
780 999 440
781 999 438
782 999 436
783 999 434
784 999 432
785 999 430
786 999 428
787 999 426
788 999 424
789 999 422
790 999 420
791 999 418
792 999 416
793 999 414
794 999 412
795 999 410
796 999 408
797 999 406
798 999 404
799 999 402
800 999 400
801 999 398
802 999 396
803 999 394
804 999 392
805 999 390
806 999 388
807 999 386
808 999 384
809 999 382
810 999 380
811 999 378
812 999 376
813 999 374
814 999 372
815 999 370
816 999 368
817 999 366
818 999 364
819 999 362
820 999 360
821 999 358
822 999 356
823 999 354
824 999 352
825 999 350
826 999 348
827 999 346
828 999 344
829 999 342
830 999 340
831 999 338
832 999 336
833 999 334
834 999 332
835 999 330
836 999 328
837 999 326
838 999 324
839 999 322
840 999 320
841 999 318
842 999 316
843 999 314
844 999 312
845 999 310
846 999 308
847 999 306
848 999 304
849 999 302
850 999 300
851 999 298
852 999 296
853 999 294
854 999 292
855 999 290
856 999 288
857 999 286
858 999 284
859 999 282
860 999 280
861 999 278
862 999 276
863 999 274
864 999 272
865 999 270
866 999 268
867 999 266
868 999 264
869 999 262
870 999 260
871 999 258
872 999 256
873 999 254
874 999 252
875 999 250
876 999 248
877 999 246
878 999 244
879 999 242
880 999 240
881 999 238
882 999 236
883 999 234
884 999 232
885 999 230
886 999 228
887 999 226
888 999 224
889 999 222
890 999 220
891 999 218
892 999 216
893 999 214
894 999 212
895 999 210
896 999 208
897 999 206
898 999 204
899 999 202
900 999 200
901 999 198
902 999 196
903 999 194
904 999 192
905 999 190
906 999 188
907 999 186
908 999 184
909 999 182
910 999 180
911 999 178
912 999 176
913 999 174
914 999 172
915 999 170
916 999 168
917 999 166
918 999 164
919 999 162
920 999 160
921 999 158
922 999 156
923 999 154
924 999 152
925 999 150
926 999 148
927 999 146
928 999 144
929 999 142
930 999 140
931 999 138
932 999 136
933 999 134
934 999 132
935 999 130
936 999 128
937 999 126
938 999 124
939 999 122
940 999 120
941 999 118
942 999 116
943 999 114
944 999 112
945 999 110
946 999 108
947 999 106
948 999 104
949 999 102
950 999 100
951 999 98
952 999 96
953 999 94
954 999 92
955 999 90
956 999 88
957 999 86
958 999 84
959 999 82
960 999 80
961 999 78
962 999 76
963 999 74
964 999 72
965 999 70
966 999 68
967 999 66
968 999 64
969 999 62
970 999 60
971 999 58
972 999 56
973 999 54
974 999 52
975 999 50
976 999 48
977 999 46
978 999 44
979 999 42
980 999 40
981 999 38
982 999 36
983 999 34
984 999 32
985 999 30
986 999 28
987 999 26
988 999 24
989 999 22
990 999 20
991 999 18
992 999 16
993 999 14
994 999 12
995 999 10
996 999 8
997 999 6
0 1 1
1 2 1
2 3 1
3 4 1
4 5 1
5 6 1
6 7 1
7 8 1
8 9 1
9 10 1
10 11 1
11 12 1
12 13 1
13 14 1
14 15 1
15 16 1
16 17 1
17 18 1
18 19 1
19 20 1
20 21 1
21 22 1
22 23 1
23 24 1
24 25 1
25 26 1
26 27 1
27 28 1
28 29 1
29 30 1
30 31 1
31 32 1
32 33 1
33 34 1
34 35 1
35 36 1
36 37 1
37 38 1
38 39 1
39 40 1
40 41 1
41 42 1
42 43 1
43 44 1
44 45 1
45 46 1
46 47 1
47 48 1
48 49 1
49 50 1
50 51 1
51 52 1
52 53 1
53 54 1
54 55 1
55 56 1
56 57 1
57 58 1
58 59 1
59 60 1
60 61 1
61 62 1
62 63 1
63 64 1
64 65 1
65 66 1
66 67 1
67 68 1
68 69 1
69 70 1
70 71 1
71 72 1
72 73 1
73 74 1
74 75 1
75 76 1
76 77 1
77 78 1
78 79 1
79 80 1
80 81 1
81 82 1
82 83 1
83 84 1
84 85 1
85 86 1
86 87 1
87 88 1
88 89 1
89 90 1
90 91 1
91 92 1
92 93 1
93 94 1
94 95 1
95 96 1
96 97 1
97 98 1
98 99 1
99 100 1
100 101 1
101 102 1
102 103 1
103 104 1
104 105 1
105 106 1
106 107 1
107 108 1
108 109 1
109 110 1
110 111 1
111 112 1
112 113 1
113 114 1
114 115 1
115 116 1
116 117 1
117 118 1
118 119 1
119 120 1
120 121 1
121 122 1
122 123 1
123 124 1
124 125 1
125 126 1
126 127 1
127 128 1
128 129 1
129 130 1
130 131 1
131 132 1
132 133 1
133 134 1
134 135 1
135 136 1
136 137 1
137 138 1
138 139 1
139 140 1
140 141 1
141 142 1
142 143 1
143 144 1
144 145 1
145 146 1
146 147 1
147 148 1
148 149 1
149 150 1
150 151 1
151 152 1
152 153 1
153 154 1
154 155 1
155 156 1
156 157 1
157 158 1
158 159 1
159 160 1
160 161 1
161 162 1
162 163 1
163 164 1
164 165 1
165 166 1
166 167 1
167 168 1
168 169 1
169 170 1
170 171 1
171 172 1
172 173 1
173 174 1
174 175 1
175 176 1
176 177 1
177 178 1
178 179 1
179 180 1
180 181 1
181 182 1
182 183 1
183 184 1
184 185 1
185 186 1
186 187 1
187 188 1
188 189 1
189 190 1
190 191 1
191 192 1
192 193 1
193 194 1
194 195 1
195 196 1
196 197 1
197 198 1
198 199 1
199 200 1
200 201 1
201 202 1
202 203 1
203 204 1
204 205 1
205 206 1
206 207 1
207 208 1
208 209 1
209 210 1
210 211 1
211 212 1
212 213 1
213 214 1
214 215 1
215 216 1
216 217 1
217 218 1
218 219 1
219 220 1
220 221 1
221 222 1
222 223 1
223 224 1
224 225 1
225 226 1
226 227 1
227 228 1
228 229 1
229 230 1
230 231 1
231 232 1
232 233 1
233 234 1
234 235 1
235 236 1
236 237 1
237 238 1
238 239 1
239 240 1
240 241 1
241 242 1
242 243 1
243 244 1
244 245 1
245 246 1
246 247 1
247 248 1
248 249 1
249 250 1
250 251 1
251 252 1
252 253 1
253 254 1
254 255 1
255 256 1
256 257 1
257 258 1
258 259 1
259 260 1
260 261 1
261 262 1
262 263 1
263 264 1
264 265 1
265 266 1
266 267 1
267 268 1
268 269 1
269 270 1
270 271 1
271 272 1
272 273 1
273 274 1
274 275 1
275 276 1
276 277 1
277 278 1
278 279 1
279 280 1
280 281 1
281 282 1
282 283 1
283 284 1
284 285 1
285 286 1
286 287 1
287 288 1
288 289 1
289 290 1
290 291 1
291 292 1
292 293 1
293 294 1
294 295 1
295 296 1
296 297 1
297 298 1
298 299 1
299 300 1
300 301 1
301 302 1
302 303 1
303 304 1
304 305 1
305 306 1
306 307 1
307 308 1
308 309 1
309 310 1
310 311 1
311 312 1
312 313 1
313 314 1
314 315 1
315 316 1
316 317 1
317 318 1
318 319 1
319 320 1
320 321 1
321 322 1
322 323 1
323 324 1
324 325 1
325 326 1
326 327 1
327 328 1
328 329 1
329 330 1
330 331 1
331 332 1
332 333 1
333 334 1
334 335 1
335 336 1
336 337 1
337 338 1
338 339 1
339 340 1
340 341 1
341 342 1
342 343 1
343 344 1
344 345 1
345 346 1
346 347 1
347 348 1
348 349 1
349 350 1
350 351 1
351 352 1
352 353 1
353 354 1
354 355 1
355 356 1
356 357 1
357 358 1
358 359 1
359 360 1
360 361 1
361 362 1
362 363 1
363 364 1
364 365 1
365 366 1
366 367 1
367 368 1
368 369 1
369 370 1
370 371 1
371 372 1
372 373 1
373 374 1
374 375 1
375 376 1
376 377 1
377 378 1
378 379 1
379 380 1
380 381 1
381 382 1
382 383 1
383 384 1
384 385 1
385 386 1
386 387 1
387 388 1
388 389 1
389 390 1
390 391 1
391 392 1
392 393 1
393 394 1
394 395 1
395 396 1
396 397 1
397 398 1
398 399 1
399 400 1
400 401 1
401 402 1
402 403 1
403 404 1
404 405 1
405 406 1
406 407 1
407 408 1
408 409 1
409 410 1
410 411 1
411 412 1
412 413 1
413 414 1
414 415 1
415 416 1
416 417 1
417 418 1
418 419 1
419 420 1
420 421 1
421 422 1
422 423 1
423 424 1
424 425 1
425 426 1
426 427 1
427 428 1
428 429 1
429 430 1
430 431 1
431 432 1
432 433 1
433 434 1
434 435 1
435 436 1
436 437 1
437 438 1
438 439 1
439 440 1
440 441 1
441 442 1
442 443 1
443 444 1
444 445 1
445 446 1
446 447 1
447 448 1
448 449 1
449 450 1
450 451 1
451 452 1
452 453 1
453 454 1
454 455 1
455 456 1
456 457 1
457 458 1
458 459 1
459 460 1
460 461 1
461 462 1
462 463 1
463 464 1
464 465 1
465 466 1
466 467 1
467 468 1
468 469 1
469 470 1
470 471 1
471 472 1
472 473 1
473 474 1
474 475 1
475 476 1
476 477 1
477 478 1
478 479 1
479 480 1
480 481 1
481 482 1
482 483 1
483 484 1
484 485 1
485 486 1
486 487 1
487 488 1
488 489 1
489 490 1
490 491 1
491 492 1
492 493 1
493 494 1
494 495 1
495 496 1
496 497 1
497 498 1
498 499 1
499 500 1
500 501 1
501 502 1
502 503 1
503 504 1
504 505 1
505 506 1
506 507 1
507 508 1
508 509 1
509 510 1
510 511 1
511 512 1
512 513 1
513 514 1
514 515 1
515 516 1
516 517 1
517 518 1
518 519 1
519 520 1
520 521 1
521 522 1
522 523 1
523 524 1
524 525 1
525 526 1
526 527 1
527 528 1
528 529 1
529 530 1
530 531 1
531 532 1
532 533 1
533 534 1
534 535 1
535 536 1
536 537 1
537 538 1
538 539 1
539 540 1
540 541 1
541 542 1
542 543 1
543 544 1
544 545 1
545 546 1
546 547 1
547 548 1
548 549 1
549 550 1
550 551 1
551 552 1
552 553 1
553 554 1
554 555 1
555 556 1
556 557 1
557 558 1
558 559 1
559 560 1
560 561 1
561 562 1
562 563 1
563 564 1
564 565 1
565 566 1
566 567 1
567 568 1
568 569 1
569 570 1
570 571 1
571 572 1
572 573 1
573 574 1
574 575 1
575 576 1
576 577 1
577 578 1
578 579 1
579 580 1
580 581 1
581 582 1
582 583 1
583 584 1
584 585 1
585 586 1
586 587 1
587 588 1
588 589 1
589 590 1
590 591 1
591 592 1
592 593 1
593 594 1
594 595 1
595 596 1
596 597 1
597 598 1
598 599 1
599 600 1
600 601 1
601 602 1
602 603 1
603 604 1
604 605 1
605 606 1
606 607 1
607 608 1
608 609 1
609 610 1
610 611 1
611 612 1
612 613 1
613 614 1
614 615 1
615 616 1
616 617 1
617 618 1
618 619 1
619 620 1
620 621 1
621 622 1
622 623 1
623 624 1
624 625 1
625 626 1
626 627 1
627 628 1
628 629 1
629 630 1
630 631 1
631 632 1
632 633 1
633 634 1
634 635 1
635 636 1
636 637 1
637 638 1
638 639 1
639 640 1
640 641 1
641 642 1
642 643 1
643 644 1
644 645 1
645 646 1
646 647 1
647 648 1
648 649 1
649 650 1
650 651 1
651 652 1
652 653 1
653 654 1
654 655 1
655 656 1
656 657 1
657 658 1
658 659 1
659 660 1
660 661 1
661 662 1
662 663 1
663 664 1
664 665 1
665 666 1
666 667 1
667 668 1
668 669 1
669 670 1
670 671 1
671 672 1
672 673 1
673 674 1
674 675 1
675 676 1
676 677 1
677 678 1
678 679 1
679 680 1
680 681 1
681 682 1
682 683 1
683 684 1
684 685 1
685 686 1
686 687 1
687 688 1
688 689 1
689 690 1
690 691 1
691 692 1
692 693 1
693 694 1
694 695 1
695 696 1
696 697 1
697 698 1
698 699 1
699 700 1
700 701 1
701 702 1
702 703 1
703 704 1
704 705 1
705 706 1
706 707 1
707 708 1
708 709 1
709 710 1
710 711 1
711 712 1
712 713 1
713 714 1
714 715 1
715 716 1
716 717 1
717 718 1
718 719 1
719 720 1
720 721 1
721 722 1
722 723 1
723 724 1
724 725 1
725 726 1
726 727 1
727 728 1
728 729 1
729 730 1
730 731 1
731 732 1
732 733 1
733 734 1
734 735 1
735 736 1
736 737 1
737 738 1
738 739 1
739 740 1
740 741 1
741 742 1
742 743 1
743 744 1
744 745 1
745 746 1
746 747 1
747 748 1
748 749 1
749 750 1
750 751 1
751 752 1
752 753 1
753 754 1
754 755 1
755 756 1
756 757 1
757 758 1
758 759 1
759 760 1
760 761 1
761 762 1
762 763 1
763 764 1
764 765 1
765 766 1
766 767 1
767 768 1
768 769 1
769 770 1
770 771 1
771 772 1
772 773 1
773 774 1
774 775 1
775 776 1
776 777 1
777 778 1
778 779 1
779 780 1
780 781 1
781 782 1
782 783 1
783 784 1
784 785 1
785 786 1
786 787 1
787 788 1
788 789 1
789 790 1
790 791 1
791 792 1
792 793 1
793 794 1
794 795 1
795 796 1
796 797 1
797 798 1
798 799 1
799 800 1
800 801 1
801 802 1
802 803 1
803 804 1
804 805 1
805 806 1
806 807 1
807 808 1
808 809 1
809 810 1
810 811 1
811 812 1
812 813 1
813 814 1
814 815 1
815 816 1
816 817 1
817 818 1
818 819 1
819 820 1
820 821 1
821 822 1
822 823 1
823 824 1
824 825 1
825 826 1
826 827 1
827 828 1
828 829 1
829 830 1
830 831 1
831 832 1
832 833 1
833 834 1
834 835 1
835 836 1
836 837 1
837 838 1
838 839 1
839 840 1
840 841 1
841 842 1
842 843 1
843 844 1
844 845 1
845 846 1
846 847 1
847 848 1
848 849 1
849 850 1
850 851 1
851 852 1
852 853 1
853 854 1
854 855 1
855 856 1
856 857 1
857 858 1
858 859 1
859 860 1
860 861 1
861 862 1
862 863 1
863 864 1
864 865 1
865 866 1
866 867 1
867 868 1
868 869 1
869 870 1
870 871 1
871 872 1
872 873 1
873 874 1
874 875 1
875 876 1
876 877 1
877 878 1
878 879 1
879 880 1
880 881 1
881 882 1
882 883 1
883 884 1
884 885 1
885 886 1
886 887 1
887 888 1
888 889 1
889 890 1
890 891 1
891 892 1
892 893 1
893 894 1
894 895 1
895 896 1
896 897 1
897 898 1
898 899 1
899 900 1
900 901 1
901 902 1
902 903 1
903 904 1
904 905 1
905 906 1
906 907 1
907 908 1
908 909 1
909 910 1
910 911 1
911 912 1
912 913 1
913 914 1
914 915 1
915 916 1
916 917 1
917 918 1
918 919 1
919 920 1
920 921 1
921 922 1
922 923 1
923 924 1
924 925 1
925 926 1
926 927 1
927 928 1
928 929 1
929 930 1
930 931 1
931 932 1
932 933 1
933 934 1
934 935 1
935 936 1
936 937 1
937 938 1
938 939 1
939 940 1
940 941 1
941 942 1
942 943 1
943 944 1
944 945 1
945 946 1
946 947 1
947 948 1
948 949 1
949 950 1
950 951 1
951 952 1
952 953 1
953 954 1
954 955 1
955 956 1
956 957 1
957 958 1
958 959 1
959 960 1
960 961 1
961 962 1
962 963 1
963 964 1
964 965 1
965 966 1
966 967 1
967 968 1
968 969 1
969 970 1
970 971 1
971 972 1
972 973 1
973 974 1
974 975 1
975 976 1
976 977 1
977 978 1
978 979 1
979 980 1
980 981 1
981 982 1
982 983 1
983 984 1
984 985 1
985 986 1
986 987 1
987 988 1
988 989 1
989 990 1
990 991 1
991 992 1
992 993 1
993 994 1
994 995 1
995 996 1
996 997 1
997 998 1
998 999 1
