[0, 0, 0, 0, 0, 0, 0, 0, 0, 0, 0, 0, 0, 0, 0, 0, 0, 0, 0, 0, 0]
[0, 0, 0, 0, 0, 0, 0, 0, 0, 0, 0, 0, 0, 0, 0, 0, 0, 0, 0, 0, 0]
[0, 0, 0, 0, 0, 0, 0, 0, 0, 0, 0, 0, 0, 0, 0, 0, 0, 0, 0, 0, 0]
[0, 0, 0, 0, 0, 0, 0, 0, 0, 0, 0, 0, 0, 0, 0, 0, 0, 0, 0, 0, 0]
[0, 0, 0, 0, 0, 0, 0, 0, 0, 0, 0, 0, 0, 0, 0, 0, 0, 0, 0, 0, 0]
[0, 0, 0, 0, 0, 0, 0, 0, 0, 0, 0, 0, 0, 0, 0, 0, 0, 0, 0, 0, 0]
[0, 0, 0, 0, 0, 0, 0, 0, 0, 0, 0, 0, 0, 0, 0, 0, 0, 0, 0, 0, 0]
[0, 0, 0, 0, 0, 0, 0, 0, 0, 0, 0, 0, 0, 0, 0, 0, 0, 0, 0, 0, 0]
[0, 0, 0, 0, 0, 0, 0, 0, 0, 0, 0, 0, 0, 0, 0, 0, 0, 0, 0, 0, 0]
[0, 0, 0, 0, 0, 0, 0, 0, 0, 0, 0, 0, 0, 0, 0, 0, 0, 0, 0, 0, 0]
[0, 0, 0, 0, 0, 0, 0, 0, 0, 0, 0, 0, 0, 0, 0, 0, 0, 0, 0, 0, 0]

[1]
[1]
[2]
[1]
[2]
[3]
[1]
[2]
[3]
[4]
[1]
[2]
[3]
[4]
[5]
[1]
[2]
[3]
[4]
[5]
[6]
[1]
[2]
[3]
[4]
[5]
[6]
[7]
[1]
[2]
[3]
[4]
[5]
[6]
[7]
[8]
[1]
[2]
[3]
[4]
[5]
[6]
[7]
[8]
[9]
[1]
[2]
[3]
[4]
[5]
[6]
[7]
[8]
[9]
[10]
[1]
[2]
[3]
[4]
[5]
[6]
[7]
[8]
[9]
[10]
[11]
[1]
[2]
[3]
[4]
[5]
[6]
[7]
[8]
[9]
[10]
[11]
[12]
[1]
[2]
[3]
[4]
[5]
[6]
[7]
[8]
[9]
[10]
[11]
[12]
[13]
[1]
[2]
[3]
[4]
[5]
[6]
[7]
[8]
[9]
[10]
[11]
[12]
[13]
[14]
[1]
[2]
[3]
[4]
[5]
[6]
[7]
[8]
[9]
[10]
[11]
[12]
[13]
[14]
[15]
[1]
[2]
[3]
[4]
[5]
[6]
[7]
[8]
[9]
[10]
[11]
[12]
[13]
[14]
[15]
[16]
[1]
[2]
[3]
[4]
[5]
[6]
[7]
[8]
[9]
[10]
[11]
[12]
[13]
[14]
[15]
[16]
[17]
[1]
[2]
[3]
[4]
[5]
[6]
[7]
[8]
[9]
[10]
[11]
[12]
[13]
[14]
[15]
[16]
[17]
[18]
[1]
[2]
[3]
[4]
[5]
[6]
[7]
[8]
[9]
[10]
[11]
[12]
[13]
[14]
[15]
[16]
[17]
[18]
[19]
[1, 2]
[1, 2]
[1, 3]
[1, 2]
[1, 3]
[1, 4]
[2, 4]
[1, 2]
[1, 3]
[1, 4]
[1, 5]
[2, 4]
[2, 5]
[1, 2]
[1, 3]
[1, 4]
[1, 5]
[1, 6]
[2, 4]
[2, 5]
[2, 6]
[3, 6]
[1, 2]
[1, 3]
[1, 4]
[1, 5]
[1, 6]
[1, 7]
[2, 4]
[2, 5]
[2, 6]
[2, 7]
[3, 6]
[3, 7]
[1, 2]
[1, 3]
[1, 4]
[1, 5]
[1, 6]
[1, 7]
[1, 8]
[2, 4]
[2, 5]
[2, 6]
[2, 7]
[2, 8]
[3, 6]
[3, 7]
[3, 8]
[4, 8]
[1, 2]
[1, 3]
[1, 4]
[1, 5]
[1, 6]
[1, 7]
[1, 8]
[1, 9]
[2, 4]
[2, 5]
[2, 6]
[2, 7]
[2, 8]
[2, 9]
[3, 6]
[3, 7]
[3, 8]
[3, 9]
[4, 8]
[4, 9]
[1, 2]
[1, 3]
[1, 4]
[1, 5]
[1, 6]
[1, 7]
[1, 8]
[1, 9]
[1, 10]
[2, 4]
[2, 5]
[2, 6]
[2, 7]
[2, 8]
[2, 9]
[2, 10]
[3, 6]
[3, 7]
[3, 8]
[3, 9]
[3, 10]
[4, 8]
[4, 9]
[4, 10]
[5, 10]
[1, 2]
[1, 3]
[1, 4]
[1, 5]
[1, 6]
[1, 7]
[1, 8]
[1, 9]
[1, 10]
[1, 11]
[2, 4]
[2, 5]
[2, 6]
[2, 7]
[2, 8]
[2, 9]
[2, 10]
[2, 11]
[3, 6]
[3, 7]
[3, 8]
[3, 9]
[3, 10]
[3, 11]
[4, 8]
[4, 9]
[4, 10]
[4, 11]
[5, 10]
[5, 11]
[1, 2]
[1, 3]
[1, 4]
[1, 5]
[1, 6]
[1, 7]
[1, 8]
[1, 9]
[1, 10]
[1, 11]
[1, 12]
[2, 4]
[2, 5]
[2, 6]
[2, 7]
[2, 8]
[2, 9]
[2, 10]
[2, 11]
[2, 12]
[3, 6]
[3, 7]
[3, 8]
[3, 9]
[3, 10]
[3, 11]
[3, 12]
[4, 8]
[4, 9]
[4, 10]
[4, 11]
[4, 12]
[5, 10]
[5, 11]
[5, 12]
[6, 12]
[1, 2]
[1, 3]
[1, 4]
[1, 5]
[1, 6]
[1, 7]
[1, 8]
[1, 9]
[1, 10]
[1, 11]
[1, 12]
[1, 13]
[2, 4]
[2, 5]
[2, 6]
[2, 7]
[2, 8]
[2, 9]
[2, 10]
[2, 11]
[2, 12]
[2, 13]
[3, 6]
[3, 7]
[3, 8]
[3, 9]
[3, 10]
[3, 11]
[3, 12]
[3, 13]
[4, 8]
[4, 9]
[4, 10]
[4, 11]
[4, 12]
[4, 13]
[5, 10]
[5, 11]
[5, 12]
[5, 13]
[6, 12]
[6, 13]
[1, 2]
[1, 3]
[1, 4]
[1, 5]
[1, 6]
[1, 7]
[1, 8]
[1, 9]
[1, 10]
[1, 11]
[1, 12]
[1, 13]
[1, 14]
[2, 4]
[2, 5]
[2, 6]
[2, 7]
[2, 8]
[2, 9]
[2, 10]
[2, 11]
[2, 12]
[2, 13]
[2, 14]
[3, 6]
[3, 7]
[3, 8]
[3, 9]
[3, 10]
[3, 11]
[3, 12]
[3, 13]
[3, 14]
[4, 8]
[4, 9]
[4, 10]
[4, 11]
[4, 12]
[4, 13]
[4, 14]
[5, 10]
[5, 11]
[5, 12]
[5, 13]
[5, 14]
[6, 12]
[6, 13]
[6, 14]
[7, 14]
[1, 2]
[1, 3]
[1, 4]
[1, 5]
[1, 6]
[1, 7]
[1, 8]
[1, 9]
[1, 10]
[1, 11]
[1, 12]
[1, 13]
[1, 14]
[1, 15]
[2, 4]
[2, 5]
[2, 6]
[2, 7]
[2, 8]
[2, 9]
[2, 10]
[2, 11]
[2, 12]
[2, 13]
[2, 14]
[2, 15]
[3, 6]
[3, 7]
[3, 8]
[3, 9]
[3, 10]
[3, 11]
[3, 12]
[3, 13]
[3, 14]
[3, 15]
[4, 8]
[4, 9]
[4, 10]
[4, 11]
[4, 12]
[4, 13]
[4, 14]
[4, 15]
[5, 10]
[5, 11]
[5, 12]
[5, 13]
[5, 14]
[5, 15]
[6, 12]
[6, 13]
[6, 14]
[6, 15]
[7, 14]
[7, 15]
[1, 2]
[1, 3]
[1, 4]
[1, 5]
[1, 6]
[1, 7]
[1, 8]
[1, 9]
[1, 10]
[1, 11]
[1, 12]
[1, 13]
[1, 14]
[1, 15]
[1, 16]
[2, 4]
[2, 5]
[2, 6]
[2, 7]
[2, 8]
[2, 9]
[2, 10]
[2, 11]
[2, 12]
[2, 13]
[2, 14]
[2, 15]
[2, 16]
[3, 6]
[3, 7]
[3, 8]
[3, 9]
[3, 10]
[3, 11]
[3, 12]
[3, 13]
[3, 14]
[3, 15]
[3, 16]
[4, 8]
[4, 9]
[4, 10]
[4, 11]
[4, 12]
[4, 13]
[4, 14]
[4, 15]
[4, 16]
[5, 10]
[5, 11]
[5, 12]
[5, 13]
[5, 14]
[5, 15]
[5, 16]
[6, 12]
[6, 13]
[6, 14]
[6, 15]
[6, 16]
[7, 14]
[7, 15]
[7, 16]
[8, 16]
[1, 2]
[1, 3]
[1, 4]
[1, 5]
[1, 6]
[1, 7]
[1, 8]
[1, 9]
[1, 10]
[1, 11]
[1, 12]
[1, 13]
[1, 14]
[1, 15]
[1, 16]
[1, 17]
[2, 4]
[2, 5]
[2, 6]
[2, 7]
[2, 8]
[2, 9]
[2, 10]
[2, 11]
[2, 12]
[2, 13]
[2, 14]
[2, 15]
[2, 16]
[2, 17]
[3, 6]
[3, 7]
[3, 8]
[3, 9]
[3, 10]
[3, 11]
[3, 12]
[3, 13]
[3, 14]
[3, 15]
[3, 16]
[3, 17]
[4, 8]
[4, 9]
[4, 10]
[4, 11]
[4, 12]
[4, 13]
[4, 14]
[4, 15]
[4, 16]
[4, 17]
[5, 10]
[5, 11]
[5, 12]
[5, 13]
[5, 14]
[5, 15]
[5, 16]
[5, 17]
[6, 12]
[6, 13]
[6, 14]
[6, 15]
[6, 16]
[6, 17]
[7, 14]
[7, 15]
[7, 16]
[7, 17]
[8, 16]
[8, 17]
[1, 2]
[1, 3]
[1, 4]
[1, 5]
[1, 6]
[1, 7]
[1, 8]
[1, 9]
[1, 10]
[1, 11]
[1, 12]
[1, 13]
[1, 14]
[1, 15]
[1, 16]
[1, 17]
[1, 18]
[2, 4]
[2, 5]
[2, 6]
[2, 7]
[2, 8]
[2, 9]
[2, 10]
[2, 11]
[2, 12]
[2, 13]
[2, 14]
[2, 15]
[2, 16]
[2, 17]
[2, 18]
[3, 6]
[3, 7]
[3, 8]
[3, 9]
[3, 10]
[3, 11]
[3, 12]
[3, 13]
[3, 14]
[3, 15]
[3, 16]
[3, 17]
[3, 18]
[4, 8]
[4, 9]
[4, 10]
[4, 11]
[4, 12]
[4, 13]
[4, 14]
[4, 15]
[4, 16]
[4, 17]
[4, 18]
[5, 10]
[5, 11]
[5, 12]
[5, 13]
[5, 14]
[5, 15]
[5, 16]
[5, 17]
[5, 18]
[6, 12]
[6, 13]
[6, 14]
[6, 15]
[6, 16]
[6, 17]
[6, 18]
[7, 14]
[7, 15]
[7, 16]
[7, 17]
[7, 18]
[8, 16]
[8, 17]
[8, 18]
[9, 18]
[1, 2]
[1, 3]
[1, 4]
[1, 5]
[1, 6]
[1, 7]
[1, 8]
[1, 9]
[1, 10]
[1, 11]
[1, 12]
[1, 13]
[1, 14]
[1, 15]
[1, 16]
[1, 17]
[1, 18]
[1, 19]
[2, 4]
[2, 5]
[2, 6]
[2, 7]
[2, 8]
[2, 9]
[2, 10]
[2, 11]
[2, 12]
[2, 13]
[2, 14]
[2, 15]
[2, 16]
[2, 17]
[2, 18]
[2, 19]
[3, 6]
[3, 7]
[3, 8]
[3, 9]
[3, 10]
[3, 11]
[3, 12]
[3, 13]
[3, 14]
[3, 15]
[3, 16]
[3, 17]
[3, 18]
[3, 19]
[4, 8]
[4, 9]
[4, 10]
[4, 11]
[4, 12]
[4, 13]
[4, 14]
[4, 15]
[4, 16]
[4, 17]
[4, 18]
[4, 19]
[5, 10]
[5, 11]
[5, 12]
[5, 13]
[5, 14]
[5, 15]
[5, 16]
[5, 17]
[5, 18]
[5, 19]
[6, 12]
[6, 13]
[6, 14]
[6, 15]
[6, 16]
[6, 17]
[6, 18]
[6, 19]
[7, 14]
[7, 15]
[7, 16]
[7, 17]
[7, 18]
[7, 19]
[8, 16]
[8, 17]
[8, 18]
[8, 19]
[9, 18]
[9, 19]
[0, 0, 0, 0, 0, 0, 0, 0, 0, 0, 0, 0, 0, 0, 0, 0, 0, 0, 0, 0, 0]
[0, 1, 2, 3, 4, 5, 6, 7, 8, 9, 10, 11, 12, 13, 14, 15, 16, 17, 18, 19, 0]
[0, 0, 1, 2, 4, 6, 9, 12, 16, 20, 25, 30, 36, 42, 49, 56, 64, 72, 81, 90, 0]
[0, 0, 0, 0, 0, 0, 0, 0, 0, 0, 0, 0, 0, 0, 0, 0, 0, 0, 0, 0, 0]
[0, 0, 0, 0, 0, 0, 0, 0, 0, 0, 0, 0, 0, 0, 0, 0, 0, 0, 0, 0, 0]
[0, 0, 0, 0, 0, 0, 0, 0, 0, 0, 0, 0, 0, 0, 0, 0, 0, 0, 0, 0, 0]
[0, 0, 0, 0, 0, 0, 0, 0, 0, 0, 0, 0, 0, 0, 0, 0, 0, 0, 0, 0, 0]
[0, 0, 0, 0, 0, 0, 0, 0, 0, 0, 0, 0, 0, 0, 0, 0, 0, 0, 0, 0, 0]
[0, 0, 0, 0, 0, 0, 0, 0, 0, 0, 0, 0, 0, 0, 0, 0, 0, 0, 0, 0, 0]
[0, 0, 0, 0, 0, 0, 0, 0, 0, 0, 0, 0, 0, 0, 0, 0, 0, 0, 0, 0, 0]
[0, 0, 0, 0, 0, 0, 0, 0, 0, 0, 0, 0, 0, 0, 0, 0, 0, 0, 0, 0, 0]
