2
100
3 25 50 75
10
3 2 5 6



15
4797
3 1188 3004 3872
4026
74 73 141 181 265 268 316 402 426 456 544 562 576 612 633 702 793 842 904 1120 1315 1344 1360 1366 1409 1411 1412 1437 1468 1497 1523 1553 1565 1571 1773 1798 1807 1857 1892 1966 1998 2006 2012 2037 2040 2190 2403 2430 2465 2498 2689 2698 2773 2774 2807 2945 2949 3014 3199 3219 3248 3280 3315 3406 3414 3634 3639 3692 3713 3751 3819 3827 3937 3960 4001
4864
1 4124
8226
78 169 190 227 250 343 482 617 636 665 759 760 849 960 972 985 1018 1020 1098 1133 1166 1262 1471 1549 1997 2170 2257 2303 2401 2423 2632 2664 2671 2725 3055 3184 3320 3355 3362 3377 3507 3627 3633 3673 3941 3988 4355 4378 4631 4658 4732 4892 4992 5042 5104 5120 5253 5290 5638 5702 5804 6206 6207 6255 6278 6709 6960 6964 7114 7348 7462 7483 7625 7629 7646 7947 7953 7965 8135
5994
66 153 184 270 466 591 618 658 1120 1185 1425 1539 1558 1585 1590 1623 1727 2041 2100 2124 2125 2139 2241 2376 2469 2519 2554 2846 2857 2916 3083 3084 3111 3277 3341 3366 3432 3439 3532 3666 3783 3881 3907 3951 3973 4115 4149 4224 4246 4456 4613 4724 4797 4935 4975 5181 5185 5191 5220 5241 5326 5339 5500 5596 5775 5792 5966
2425
66 13 41 137 177 244 267 282 295 322 388 398 409 470 484 488 547 582 586 599 638 669 683 758 807 815 839 896 937 1023 1048 1137 1200 1216 1292 1306 1328 1335 1412 1461 1473 1478 1554 1613 1617 1628 1651 1659 1693 1720 1915 2032 2158 2176 2190 2201 2208 2214 2246 2248 2253 2256 2270 2290 2310 2313 2401
6007
42 136 216 295 397 428 435 653 1105 1147 1239 1523 1560 1861 2036 2106 2489 2518 2555 2715 2813 3208 3292 3393 3405 3638 3785 3855 4124 4229 4533 4608 4612 4624 4830 4842 4933 4951 4964 5383 5599 5738 5902
7610
40 83 384 580 1169 1193 1357 1914 2070 2231 2280 2776 2933 3331 3823 3868 4121 4330 4376 4735 4814 4867 4884 5278 5286 5387 5455 5894 6130 6185 6200 6368 6434 6681 7000 7026 7195 7294 7489 7570 7580
4479
67 24 250 294 341 431 439 444 459 540 557 622 663 674 729 737 791 823 881 942 1004 1122 1169 1174 1242 1418 1423 1647 1705 1834 1863 1869 1924 1988 2111 2221 2223 2262 2285 2297 2321 2353 2470 2614 2692 2783 2823 2855 2940 2972 2979 3081 3317 3399 3775 3779 3807 3906 3919 3965 3979 4043 4061 4092 4130 4149 4175 4445
2831
93 194 201 220 255 263 271 279 299 309 314 348 349 469 508 563 585 617 625 640 646 653 657 713 719 744 798 855 864 887 906 916 1008 1031 1201 1204 1211 1224 1265 1281 1326 1353 1363 1400 1418 1428 1431 1434 1450 1468 1508 1510 1541 1554 1559 1602 1604 1620 1652 1653 1680 1725 1842 1847 1934 1991 2015 2029 2105 2112 2167 2188 2231 2264 2269 2272 2295 2300 2332 2373 2407 2429 2488 2504 2532 2535 2585 2627 2644 2674 2709 2723 2737 2774
5427
89 84 156 305 387 420 501 525 562 582 594 609 636 752 756 829 840 859 988 995 1099 1117 1172 1578 1588 1687 1691 1750 1754 1762 1844 1851 1892 2018 2024 2028 2145 2246 2257 2280 2291 2305 2408 2557 2597 2616 2619 2653 2657 2660 2695 2698 2717 2820 2881 3136 3162 3305 3344 3430 3473 3508 3513 3541 3819 3839 3899 3929 4089 4151 4166 4334 4342 4354 4381 4404 4987 4995 5003 5013 5016 5064 5199 5206 5243 5245 5257 5310 5325 5353
1801
100 3 13 18 21 25 53 92 99 100 102 111 122 136 158 175 187 197 221 230 249 320 324 366 370 387 411 451 632 668 683 695 711 743 744 745 749 757 783 820 823 826 843 844 860 877 894 910 914 924 952 953 961 995 1019 1022 1026 1036 1048 1106 1107 1150 1153 1157 1158 1182 1199 1220 1223 1294 1301 1312 1318 1320 1325 1332 1353 1393 1395 1404 1437 1462 1481 1520 1573 1591 1594 1599 1631 1652 1675 1676 1695 1715 1732 1743 1744 1765 1771 1778 1793
1986
18 31 78 144 455 538 656 738 773 976 1005 1135 1195 1426 1537 1543 1695 1786 1866
9409
38 30 549 599 800 829 1626 2053 2815 2880 3024 3441 3630 3859 3994 4114 4482 4810 4855 5663 5847 6597 6650 6674 6891 7217 7314 7436 7546 7595 7842 7912 8206 8640 8700 8785 8843 8910 9146
8825
90 30 52 227 278 382 459 739 752 968 1027 1235 1527 1683 1906 1913 1940 2020 2092 2148 2232 2234 2421 2637 2701 2819 2828 2876 2883 3348 3531 3538 3594 3634 3794 3801 3853 3924 4317 4340 4384 4709 4920 5095 5107 5149 5403 5686 5691 5698 5758 5796 6190 6306 6312 6318 6358 6403 6479 6498 6551 6774 6783 6881 6939 6948 7089 7141 7190 7238 7375 7671 7856 7891 7933 7938 7974 8106 8116 8120 8233 8374 8385 8444 8509 8528 8530 8538 8544 8550 8659
