26
7 1 0 24 2 0 24 3 0 24 4 0 24 5 0 24 6 0 24 7 0 24
6 1 0 24 2 0 24 3 0 24 4 0 24 5 0 24 6 0 24
5 1 0 24 2 0 24 3 0 24 4 0 24 5 0 24
4 1 0 24 2 0 24 3 0 24 4 0 24
4 1 0 24 2 0 24 3 0 24 4 0 23
1 1 0 24
2 1 10 12 2 3 7
7 1 0 24 2 0 24 3 0 24 4 0 24 5 0 24 6 0 24 7 0 24
7 1 0 24 2 0 24 3 0 24 4 0 24 5 0 24 6 0 24 7 0 24
7 1 0 24 2 0 24 3 0 24 4 0 24 5 0 24 6 0 24 7 0 24
7 1 0 1 2 0 1 3 0 1 4 0 1 5 0 1 6 0 1 7 0 1
7 1 1 2 2 1 2 3 1 2 4 1 2 5 1 2 6 1 2 7 1 2
1 2 1 2
1 3 1 2
1 4 1 2
1 5 1 2
1 6 1 2
1 7 1 2
1 2 2 3
1 2 3 4
14 1 10 14 2 10 14 3 10 14 4 10 14 5 10 14 6 10 14 7 10 14 1 18 22 2 19 23 3 20 24 4 18 24 5 17 23 6 18 23 7 19 20
10 1 0 24 2 0 24 3 8 15 4 8 15 5 8 15 6 8 15 7 8 15 5 20 23 6 20 23 7 19 24
7 1 2 20 2 2 10 3 2 10 4 2 10 5 2 10 6 2 10 7 2 10
7 1 18 24 2 18 24 3 18 24 4 18 24 5 18 24 6 18 24 7 18 24
20 1 2 6 1 10 14 1 16 19 2 2 6 2 10 14 2 16 19 3 2 6 3 10 14 3 16 19 4 2 6 4 10 14 4 16 19 5 2 6 5 10 14 5 16 19 6 2 6 6 10 14 6 16 19 7 2 6 7 10 14
7 1 2 20 2 2 10 3 2 10 4 2 10 5 2 10 6 2 10 7 2 10
7 1 2 20 2 2 10 3 2 10 4 2 10 5 2 10 6 2 10 7 2 10
7 1 2 20 2 2 10 3 2 10 4 2 10 5 2 10 6 2 10 7 2 10
7 1 2 5 2 10 20 3 10 20 4 10 20 5 10 20 6 10 20 7 10 20     
14 1 10 14 2 10 14 3 10 14 4 10 14 5 10 14 6 10 14 7 10 14 1 18 22 2 19 23 3 20 24 4 18 24 5 17 23 6 18 23 7 19 20
14 1 10 14 2 10 14 3 10 14 4 10 14 5 10 14 6 10 14 7 10 14 1 18 22 2 19 23 3 20 24 4 18 24 5 17 23 6 18 23 7 19 20
10 1 0 24 2 0 24 3 8 15 4 8 15 5 8 15 6 8 15 7 8 15 5 20 23 6 20 23 7 19 24
7 1 2 20 2 2 10 3 2 10 4 2 10 5 2 10 6 2 10 7 2 10
7 1 18 24 2 18 24 3 18 24 4 18 24 5 18 24 6 18 24 7 18 24
20 1 2 6 1 10 14 1 16 19 2 2 6 2 10 14 2 16 19 3 2 6 3 10 14 3 16 19 4 2 6 4 10 14 4 16 19 5 2 6 5 10 14 5 16 19 6 2 6 6 10 14 6 16 19 7 2 6 7 10 14
1 1 2 20
1 1 2 20 
1 1 2 20 
7 1 2 5 2 10 20 3 10 20 4 10 20 5 10 20 6 10 20 7 10 20     
7 1 10 14 2 10 14 3 10 14 4 10 14 5 10 14 6 10 14 7 10 14
11 1 9 12 1 21 22 2 0 2 2 9 23 3 5 23 4 1 2 4 13 23 5 1 19 6 4 16 6 20 23 7 1 19
9 1 1 23 2 1 15 3 2 3 3 8 24 4 0 24 5 0 7 6 1 3 6 17 23 7 17 24
14 1 1 6 1 13 17 2 0 8 2 17 24 3 1 2 3 9 20 4 0 11 4 22 23 5 10 23 6 0 2 6 13 17 7 0 3 7 9 11 7 17 23
12 1 0 8 1 13 22 2 9 11 2 20 21 3 1 2 3 17 18 4 4 24 5 1 23 6 0 15 6 23 24 7 0 11 7 21 22
15 1 5 11 1 16 24 2 0 12 2 16 17 3 0 15 3 21 22 4 1 2 4 9 10 4 17 23 5 9 16 5 21 23 6 0 14 6 21 22 7 0 2 7 9 23
12 1 0 16 2 5 23 3 5 10 3 17 22 4 5 7 4 13 15 4 21 22 5 0 4 5 8 19 6 8 12 6 17 18 7 5 18
12 1 0 4 1 9 23 2 0 19 3 0 8 3 21 22 4 4 19 5 5 6 5 13 24 6 0 8 6 17 22 7 1 15 7 20 21
9 1 0 24 2 13 23 3 1 23 4 0 4 4 9 10 5 1 24 6 5 19 7 5 6 7 13 16
11 1 0 8 1 12 15 2 0 16 2 21 22 3 5 19 4 0 8 4 13 19 5 0 12 5 21 22 6 0 24 7 0 24
13 1 9 10 1 17 24 2 0 8 2 13 21 3 3 5 3 13 14 3 21 22 4 0 24 5 3 5 5 17 23 6 0 24 7 3 5 7 12 24
11 1 9 12 1 21 22 2 0 2 2 9 23 3 5 23 4 1 2 4 13 23 5 1 19 6 4 16 6 20 23 7 1 19
9 1 1 23 2 1 15 3 2 3 3 8 24 4 0 24 5 0 7 6 1 3 6 17 23 7 17 24
14 1 1 6 1 13 17 2 0 8 2 17 24 3 1 2 3 9 20 4 0 11 4 22 23 5 10 23 6 0 2 6 13 17 7 0 3 7 9 11 7 17 23
12 1 0 8 1 13 22 2 9 11 2 20 21 3 1 2 3 17 18 4 4 24 5 1 23 6 0 15 6 23 24 7 0 11 7 21 22
15 1 5 11 1 16 24 2 0 12 2 16 17 3 0 15 3 21 22 4 1 2 4 9 10 4 17 23 5 9 16 5 21 23 6 0 14 6 21 22 7 0 2 7 9 23
12 1 0 16 2 5 23 3 5 10 3 17 22 4 5 7 4 13 15 4 21 22 5 0 4 5 8 19 6 8 12 6 17 18 7 5 18
12 1 0 4 1 9 23 2 0 19 3 0 8 3 21 22 4 4 19 5 5 6 5 13 24 6 0 8 6 17 22 7 1 15 7 20 21
9 1 0 24 2 13 23 3 1 23 4 0 4 4 9 10 5 1 24 6 5 19 7 5 6 7 13 16
11 1 0 8 1 12 15 2 0 16 2 21 22 3 5 19 4 0 8 4 13 19 5 0 12 5 21 22 6 0 24 7 0 24
13 1 9 10 1 17 24 2 0 8 2 13 21 3 3 5 3 13 14 3 21 22 4 0 24 5 3 5 5 17 23 6 0 24 7 3 5 7 11 24
13 1 0 5 1 12 21 2 0 9 2 12 21 3 0 9 3 20 21 4 0 17 5 0 9 5 12 17 6 0 13 6 16 21 7 0 17 7 20 21 
14 1 0 5 1 8 17 1 20 21 2 8 13 2 16 21 3 0 21 4 0 5 4 8 13 4 16 21 5 4 21 6 0 13 6 20 21 7 4 13 7 20 21 
12 1 4 21 2 4 21 3 0 13 4 0 17 4 20 21 5 0 9 5 12 21 6 0 5 6 8 13 6 16 21 7 0 9 7 12 21 
10 1 8 17 2 0 21 3 4 21 4 4 13 4 16 21 5 0 13 5 20 21 6 0 9 6 12 21 7 4 21 
13 1 0 21 2 0 21 3 4 9 3 12 17 3 20 21 4 0 9 4 12 21 5 4 21 6 0 5 6 8 17 6 20 21 7 0 5 7 8 21 
12 1 0 9 1 16 21 2 0 9 2 12 17 2 20 21 3 8 21 4 0 21 5 8 21 6 0 9 6 12 17 7 0 9 7 12 21 
14 1 0 17 1 20 21 2 0 13 2 20 21 3 0 5 3 8 21 4 4 9 4 12 21 5 0 9 5 12 21 6 4 21 7 0 5 7 8 13 7 20 21 
12 1 4 21 2 0 5 2 20 21 3 0 5 3 16 21 4 0 17 4 20 21 5 0 5 5 8 17 5 20 21 6 4 21 7 0 21 
11 1 0 13 1 16 21 2 4 21 3 0 21 4 8 13 4 16 21 5 0 13 5 16 21 6 4 21 7 0 5 7 12 21 
14 1 0 9 1 16 21 2 0 5 2 8 21 3 0 21 4 0 5 4 12 21 5 0 5 5 8 13 5 16 21 6 0 5 6 12 21 7 4 13 7 16 21 
12 1 0 21 2 0 13 2 16 21 3 0 13 3 20 21 4 0 5 4 8 21 5 0 21 6 0 21 7 0 5 7 8 13 7 20 21 
12 1 0 17 1 20 21 2 0 21 3 0 13 3 16 21 4 0 9 4 12 17 4 20 21 5 0 21 6 0 21 7 0 9 7 16 21 
10 1 4 9 1 16 21 2 0 21 3 0 21 4 0 21 5 0 5 5 8 21 6 0 5 6 8 21 7 8 21 
12 1 0 5 1 12 21 2 0 5 2 16 21 3 8 21 4 8 21 5 0 13 5 20 21 6 0 9 6 12 17 6 20 21 7 0 21 
12 1 0 5 1 8 21 2 0 21 3 0 9 3 12 17 4 0 21 5 0 5 5 12 21 6 0 5 6 16 21 7 8 17 7 20 21 
14 1 4 9 1 16 21 2 0 9 2 12 21 3 4 13 3 16 21 4 0 5 5 0 5 5 12 17 5 20 21 6 4 13 6 16 21 7 4 9 7 12 21 
13 1 0 13 1 16 21 2 0 13 2 16 21 3 0 9 3 12 21 4 0 9 4 20 21 5 4 21 6 0 5 6 8 21 7 0 13 7 16 21 
13 1 0 17 1 20 21 2 4 17 2 20 21 3 0 5 3 8 21 4 0 21 5 0 13 5 16 21 6 4 17 6 20 21 7 0 17 7 20 21 
13 1 0 5 1 8 21 2 12 17 2 20 21 3 4 9 3 12 17 4 4 13 4 16 21 5 4 21 6 0 13 6 20 21 7 0 9 7 12 21 
11 1 4 17 2 8 17 2 20 21 3 0 5 3 8 21 4 4 21 5 4 9 5 20 21 6 4 9 6 12 21 7 0 21 
14 1 0 17 2 0 17 3 16 17 3 20 21 4 0 17 5 0 9 5 16 17 5 20 21 6 0 5 6 16 17 6 20 21 7 0 1 7 8 9 7 16 17 
16 1 4 5 1 12 13 2 0 1 2 8 9 2 16 17 2 20 21 3 0 13 3 20 21 4 0 17 4 20 21 5 12 13 5 20 21 6 0 17 6 20 21 7 0 13 7 20 21 
18 1 0 5 1 12 17 1 20 21 2 0 13 2 20 21 3 0 1 3 8 17 3 20 21 4 4 5 4 12 17 4 20 21 5 0 17 5 20 21 6 4 17 6 20 21 7 4 5 7 12 17 7 20 21 
15 1 0 17 1 20 21 2 0 1 3 4 17 4 0 5 4 12 13 4 20 21 5 0 5 5 12 13 5 20 21 6 4 13 6 20 21 7 0 1 7 8 17 7 20 21 
16 1 0 1 1 8 9 1 16 17 1 20 21 2 4 5 2 12 17 2 20 21 3 4 13 3 20 21 4 0 17 4 20 21 5 0 17 6 4 17 6 20 21 7 4 13 7 20 21 
17 1 4 9 1 16 17 1 20 21 2 4 17 2 20 21 3 0 5 3 12 13 3 20 21 4 0 1 4 8 9 4 16 17 5 0 5 5 12 13 5 20 21 6 0 9 6 20 21 7 0 17 
16 1 4 17 1 20 21 2 0 17 2 20 21 3 0 1 3 8 17 3 20 21 4 0 1 4 8 9 4 16 17 4 20 21 5 8 17 6 0 5 6 12 17 7 0 5 7 20 21 
17 1 0 1 1 12 13 1 20 21 2 4 5 2 16 17 2 20 21 3 0 9 3 16 17 3 20 21 4 4 9 5 0 1 5 8 9 5 16 17 6 0 1 6 8 17 7 4 17 7 20 21 
13 1 0 1 1 8 17 2 0 1 2 8 17 3 0 17 4 0 17 4 20 21 5 4 17 5 20 21 6 0 1 6 12 17 7 0 1 7 8 17 
17 1 0 9 1 20 21 2 0 13 2 20 21 3 0 5 3 16 17 4 12 13 4 20 21 5 0 9 5 16 17 5 20 21 6 0 1 6 8 9 6 20 21 7 0 5 7 16 17 7 20 21 
14 1 0 17 2 0 17 3 16 17 3 20 21 4 0 17 5 0 9 5 16 17 5 20 21 6 0 5 6 16 17 6 20 21 7 0 1 7 8 9 7 16 17 
16 1 4 5 1 12 13 2 0 1 2 8 9 2 16 17 2 20 21 3 0 13 3 20 21 4 0 17 4 20 21 5 12 13 5 20 21 6 0 17 6 20 21 7 0 13 7 20 21 
18 1 0 5 1 12 17 1 20 21 2 0 13 2 20 21 3 0 1 3 8 17 3 20 21 4 4 5 4 12 17 4 20 21 5 0 17 5 20 21 6 4 17 6 20 21 7 4 5 7 12 17 7 20 21 
15 1 0 17 1 20 21 2 0 1 3 4 17 4 0 5 4 12 13 4 20 21 5 0 5 5 12 13 5 20 21 6 4 13 6 20 21 7 0 1 7 8 17 7 20 21 
16 1 0 1 1 8 9 1 16 17 1 20 21 2 4 5 2 12 17 2 20 21 3 4 17 3 20 21 4 0 17 4 20 21 5 0 17 6 4 17 6 20 21 7 4 13 7 20 21 
17 1 4 9 1 16 17 1 20 21 2 4 17 2 20 21 3 0 5 3 12 13 3 20 21 4 0 1 4 8 9 4 16 17 5 0 5 5 12 13 5 20 21 6 0 9 6 20 21 7 0 17 
16 1 4 17 1 20 21 2 0 17 2 20 21 3 0 1 3 8 17 3 20 21 4 0 1 4 8 9 4 16 17 4 20 21 5 8 17 6 0 5 6 12 17 7 0 5 7 20 21 
17 1 0 1 1 12 13 1 20 21 2 4 5 2 16 17 2 20 21 3 0 9 3 16 17 3 20 21 4 4 9 5 0 1 5 8 9 5 16 17 6 0 1 6 8 17 7 4 17 7 20 21 
13 1 0 1 1 8 17 2 0 1 2 8 17 3 0 17 4 0 17 4 20 21 5 4 17 5 20 21 6 0 1 6 12 17 7 0 1 7 8 17 
17 1 0 9 1 20 21 2 0 13 2 20 21 3 0 5 3 16 17 4 12 13 4 20 21 5 0 9 5 16 17 5 20 21 6 0 1 6 8 9 6 20 21 7 0 5 7 16 17 7 20 21 
14 1 0 17 2 0 17 3 16 17 3 20 21 4 0 17 5 0 9 5 16 17 5 20 21 6 0 5 6 16 17 6 20 21 7 0 1 7 8 9 7 16 17 
16 1 4 5 1 12 13 2 0 1 2 8 9 2 16 17 2 20 21 3 0 13 3 20 21 4 0 17 4 20 21 5 12 13 5 20 21 6 0 17 6 20 21 7 0 13 7 20 21 
18 1 0 5 1 12 17 1 20 21 2 0 13 2 20 21 3 0 1 3 8 17 3 20 21 4 4 5 4 12 17 4 20 21 5 0 17 5 20 21 6 4 17 6 20 21 7 4 5 7 12 17 7 20 21 
15 1 0 17 1 20 21 2 0 1 3 4 17 4 0 5 4 12 13 4 20 21 5 0 5 5 12 13 5 20 21 6 4 13 6 20 21 7 0 1 7 8 17 7 20 21 
16 1 0 1 1 8 9 1 16 17 1 20 21 2 4 5 2 12 17 2 20 21 3 4 13 3 20 21 4 0 17 4 20 21 5 0 17 6 4 17 6 20 21 7 4 13 7 20 21 
17 1 4 9 1 16 17 1 20 21 2 4 17 2 20 21 3 0 5 3 12 13 3 20 21 4 0 1 4 8 9 4 16 17 5 0 5 5 12 13 5 20 21 6 0 9 6 20 21 7 0 17 
15 1 4 17 1 20 21 2 0 17 2 20 21 3 0 1 3 8 17 3 20 21 4 0 1 4 8 9 4 16 17 4 20 21 5 8 17 6 0 5 6 12 17 7 0 5 
17 1 0 1 1 12 13 1 20 21 2 4 5 2 16 17 2 20 21 3 0 9 3 16 17 3 20 21 4 4 9 5 0 1 5 8 9 5 16 17 6 0 1 6 8 17 7 4 17 7 20 21 
13 1 0 1 1 8 17 2 0 1 2 8 17 3 0 17 4 0 17 4 20 21 5 4 17 5 20 21 6 0 1 6 12 17 7 0 1 7 8 17 
17 1 0 9 1 20 21 2 0 13 2 20 21 3 0 5 3 16 17 4 12 13 4 20 21 5 0 9 5 16 17 5 20 21 6 0 1 6 8 9 6 20 21 7 0 5 7 16 17 7 20 21 
15 1 8 9 1 20 21 2 0 5 2 12 17 2 20 21 3 0 9 3 16 17 4 4 5 4 16 17 4 20 21 5 4 5 5 12 17 6 12 13 7 0 1 7 12 17 
15 1 0 1 1 8 9 1 16 17 1 20 21 2 4 5 2 16 17 3 0 9 4 4 13 4 20 21 5 4 9 5 16 17 5 20 21 6 0 9 7 0 1 7 8 13 
15 1 0 5 1 12 17 1 20 21 2 8 17 3 0 5 3 16 17 3 20 21 4 0 5 4 12 17 4 20 21 5 4 9 5 16 17 6 0 1 6 12 13 6 20 21 
16 1 0 1 1 12 13 1 20 21 2 8 9 2 16 17 2 20 21 3 0 1 3 12 13 4 0 1 4 12 17 5 0 1 6 0 1 6 16 17 7 4 5 7 16 17 7 20 21 
17 1 0 5 1 12 13 1 20 21 2 0 1 2 16 17 3 0 1 3 20 21 4 0 5 4 16 17 4 20 21 5 0 1 5 8 9 5 20 21 6 0 1 6 8 9 7 0 1 7 8 9 
14 1 12 17 2 12 17 3 4 5 3 12 17 4 0 17 5 0 1 5 16 17 5 20 21 6 0 1 6 16 17 6 20 21 7 0 1 7 12 13 7 20 21 
15 1 0 1 1 8 17 2 0 1 2 8 13 2 20 21 3 0 5 3 16 17 4 8 9 4 16 17 5 0 1 5 16 17 6 0 9 6 20 21 7 0 1 7 12 17 
12 1 12 17 2 0 1 2 8 13 3 0 5 3 12 13 4 4 9 5 4 5 5 16 17 5 20 21 6 8 17 7 4 9 7 16 17 
13 1 12 17 2 8 9 2 16 17 2 20 21 3 12 17 3 20 21 5 0 1 5 12 17 6 0 1 6 8 9 6 16 17 7 0 1 7 12 13 
12 1 0 9 1 20 21 2 4 5 2 12 17 3 0 17 3 20 21 4 4 17 4 20 21 5 4 5 5 12 17 5 20 21 6 8 13 
13 1 4 9 1 16 17 2 4 17 3 0 9 4 0 5 5 0 1 5 16 17 6 4 5 6 12 13 6 20 21 7 0 1 7 8 13 7 20 21 
13 1 0 1 1 8 9 1 16 17 1 20 21 2 0 1 2 8 9 2 16 17 3 4 5 3 12 13 3 20 21 5 8 9 6 16 17 6 20 21 
13 1 0 1 1 12 17 2 4 5 2 12 17 3 4 5 3 12 13 3 20 21 4 0 1 4 8 9 4 16 17 5 8 9 6 4 9 7 4 5 
12 1 4 13 2 0 1 2 12 13 3 8 17 3 20 21 4 8 17 4 20 21 5 8 17 6 4 5 6 12 17 7 0 1 7 8 9 
19 1 0 1 1 8 17 2 4 5 2 12 17 2 20 21 3 8 9 3 16 17 3 20 21 4 0 1 4 8 9 4 16 17 4 20 21 5 0 1 5 12 17 5 20 21 6 0 9 6 20 21 7 4 5 7 12 13 
17 1 4 5 1 12 17 1 20 21 2 0 1 2 20 21 3 0 5 3 12 13 3 20 21 4 4 5 4 12 13 5 0 1 5 16 17 5 20 21 6 0 1 6 12 17 6 20 21 7 0 17 
13 1 12 17 1 20 21 2 4 17 3 0 13 3 20 21 4 0 1 4 8 9 4 16 17 5 16 17 6 4 5 6 12 13 7 0 1 7 12 17 
17 1 0 1 1 8 17 1 20 21 2 16 17 3 0 5 3 12 13 3 20 21 4 4 5 4 16 17 4 20 21 5 0 1 5 8 17 5 20 21 6 16 17 7 0 1 7 8 13 7 20 21 
15 1 8 9 1 20 21 2 0 1 2 12 17 2 20 21 3 4 13 3 20 21 4 0 1 4 8 9 5 20 21 6 8 17 6 20 21 7 0 1 7 8 13 7 20 21 
14 1 8 9 1 16 17 2 4 9 2 20 21 3 0 9 3 20 21 4 4 5 4 12 17 5 0 1 5 8 13 6 0 9 6 16 17 7 0 5 7 12 17 
11 1 0 17 1 20 21 2 0 5 3 0 13 3 20 21 4 20 21 5 0 1 5 8 17 5 20 21 6 8 17 7 8 17 
12 1 12 17 2 0 1 2 8 9 2 20 21 3 0 5 3 16 17 4 8 9 4 16 17 5 0 13 6 12 13 6 20 21 7 0 5 
16 1 12 17 1 20 21 2 0 1 2 12 13 2 20 21 3 0 1 3 16 17 4 8 9 4 20 21 5 4 9 6 0 1 6 8 9 6 20 21 7 0 1 7 8 9 7 20 21 
10 1 4 5 1 12 13 1 20 21 2 0 1 2 8 17 3 4 5 3 20 21 4 16 17 5 4 17 6 0 13 
13 1 0 1 1 16 17 2 8 9 2 16 17 2 20 21 3 0 1 3 20 21 4 12 13 4 20 21 5 16 17 6 0 5 6 12 17 7 0 1 
17 1 4 9 1 16 17 2 0 1 2 12 17 2 20 21 3 0 5 3 16 17 4 0 5 4 16 17 4 20 21 5 0 5 5 12 13 6 0 9 6 16 17 6 20 21 7 0 5 7 12 13 
18 1 0 1 1 8 9 1 16 17 1 20 21 2 0 1 2 16 17 3 0 1 3 8 13 3 20 21 4 0 1 4 8 13 4 20 21 5 20 21 6 0 5 6 12 17 7 4 9 7 16 17 7 20 21 
11 1 4 13 2 4 9 2 20 21 3 4 9 4 8 9 5 4 5 5 16 17 6 4 17 6 20 21 7 16 17 7 20 21 
15 1 0 1 1 8 9 2 0 13 2 20 21 3 4 9 3 20 21 4 4 5 4 12 13 4 20 21 5 8 13 6 0 5 6 12 13 7 0 1 7 12 13 7 20 21 
13 1 0 1 1 8 13 1 20 21 2 4 5 2 16 17 2 20 21 3 12 13 5 8 9 5 16 17 6 8 9 6 16 17 7 8 9 7 20 21 
16 1 12 17 2 0 1 2 8 13 2 20 21 3 4 9 3 20 21 4 0 5 4 12 13 5 0 1 5 8 9 5 20 21 6 0 1 6 12 13 6 20 21 7 8 9 7 20 21 
14 1 16 17 2 0 1 2 8 9 2 20 21 3 0 1 3 8 17 4 4 5 4 12 17 5 0 5 6 4 5 6 12 17 6 20 21 7 8 17 7 20 21 
16 1 0 1 2 0 1 2 8 9 2 20 21 3 4 9 3 16 17 4 0 1 4 12 13 4 20 21 5 0 1 5 12 17 5 20 21 6 0 5 6 16 17 7 16 17 7 20 21 
13 1 0 1 1 8 13 1 20 21 2 0 5 2 12 13 3 8 9 4 4 9 5 4 5 5 16 17 6 16 17 6 20 21 7 4 9 7 16 17 
14 1 4 5 1 12 17 2 4 17 2 20 21 3 4 9 3 16 17 4 0 1 4 16 17 5 8 9 5 16 17 6 8 9 6 16 17 7 4 5 7 16 17 
14 1 0 1 1 8 9 1 20 21 2 12 13 3 8 13 4 4 5 4 16 17 4 20 21 5 4 13 5 20 21 6 4 13 6 20 21 7 0 1 7 12 13 
13 1 8 17 2 0 5 2 12 17 2 20 21 3 0 17 4 4 9 4 20 21 5 4 17 6 4 13 6 20 21 7 4 9 7 16 17 7 20 21 
12 1 16 17 2 0 5 3 12 13 3 20 21 4 4 5 4 16 17 5 0 1 5 12 17 6 0 1 6 8 9 6 16 17 7 8 13 
16 1 0 13 1 20 21 2 0 1 2 8 13 3 4 5 3 12 13 3 20 21 4 0 5 4 16 17 5 0 5 5 20 21 6 8 9 6 16 17 7 0 1 7 8 9 7 20 21 
11 1 4 17 2 4 17 3 16 17 3 20 21 4 12 17 5 4 5 6 4 5 6 12 17 6 20 21 7 8 9 7 16 17 
16 1 0 5 1 16 17 1 20 21 2 0 1 2 16 17 2 20 21 3 0 5 3 12 13 4 4 5 4 20 21 5 4 5 5 12 13 5 20 21 6 0 13 7 4 5 7 20 21 
16 1 0 1 1 8 9 1 16 17 2 4 5 2 12 17 2 20 21 3 16 17 3 20 21 4 16 17 4 20 21 5 0 5 5 12 17 6 0 1 6 8 13 6 20 21 7 8 17 
11 1 8 13 2 0 5 2 12 13 2 20 21 3 8 17 4 4 5 5 4 9 6 0 9 6 16 17 7 12 17 7 20 21 
15 1 0 9 1 16 17 2 16 17 2 20 21 3 4 5 3 12 17 3 20 21 4 0 9 4 20 21 5 4 13 6 4 5 6 12 17 6 20 21 7 0 5 7 12 13 
16 1 8 9 1 16 17 1 20 21 2 0 17 2 20 21 3 20 21 4 0 1 4 16 17 4 20 21 5 0 1 5 8 13 5 20 21 6 4 5 7 8 9 7 16 17 7 20 21 
17 1 0 1 1 8 9 1 16 17 1 20 21 2 4 17 2 20 21 3 0 9 3 16 17 4 0 1 4 12 17 4 20 21 5 0 1 5 12 17 6 8 9 6 20 21 7 0 1 7 12 17 
12 1 8 9 2 0 1 2 8 9 3 4 9 4 4 9 4 16 17 5 12 17 6 0 5 6 12 17 7 4 9 7 16 17 7 20 21 
14 1 4 5 1 12 13 2 0 1 2 8 9 2 16 17 2 20 21 3 0 13 4 4 9 4 20 21 5 4 5 5 12 17 6 4 13 7 0 1 7 8 9 
17 1 0 1 1 8 9 1 16 17 1 20 21 2 0 9 2 16 17 2 20 21 3 0 5 3 12 13 4 0 1 4 8 9 4 16 17 5 0 5 5 12 17 6 4 5 7 0 5 7 12 17 
16 1 0 5 1 20 21 2 0 9 2 16 17 2 20 21 3 0 1 3 12 17 3 20 21 4 0 13 5 8 9 5 16 17 5 20 21 6 0 1 6 8 13 7 12 13 7 20 21 
10 1 0 13 2 8 17 3 12 13 4 16 17 4 20 21 5 4 5 5 16 17 6 12 13 7 12 13 7 20 21 
17 1 4 5 1 16 17 2 0 9 2 16 17 2 20 21 3 0 5 3 12 13 3 20 21 4 4 17 4 20 21 5 4 5 5 16 17 5 20 21 6 0 1 7 0 5 7 12 13 7 20 21 
15 1 0 1 1 12 17 2 4 5 2 12 17 3 0 5 3 16 17 3 20 21 4 16 17 4 20 21 5 0 1 5 16 17 6 0 1 6 8 13 7 0 1 7 12 17 
13 1 4 5 2 4 5 2 16 17 3 0 1 3 16 17 4 16 17 4 20 21 5 4 5 5 20 21 6 4 17 6 20 21 7 0 5 7 12 17 
17 1 0 1 1 12 17 1 20 21 2 0 9 3 8 9 3 16 17 3 20 21 4 0 5 4 12 17 4 20 21 5 0 9 6 0 1 6 12 17 6 20 21 7 0 1 7 12 17 7 20 21 
17 1 0 5 1 12 17 1 20 21 2 0 1 2 8 9 3 4 9 3 16 17 3 20 21 4 0 1 4 16 17 5 4 5 5 16 17 5 20 21 6 8 9 6 20 21 7 12 13 7 20 21 
13 1 0 13 2 0 1 3 0 1 3 8 9 3 16 17 3 20 21 4 8 13 5 8 17 5 20 21 6 20 21 7 0 9 7 16 17 7 20 21 
12 1 0 13 2 8 9 3 8 9 3 16 17 3 20 21 4 8 13 5 0 17 6 0 9 6 20 21 7 0 5 7 12 13 7 20 21 
15 1 0 1 1 8 13 2 4 5 2 16 17 4 0 1 4 8 17 4 20 21 5 0 5 5 20 21 6 0 9 6 16 17 6 20 21 7 0 1 7 8 17 7 20 21 
16 1 16 17 1 20 21 2 0 5 2 12 13 3 0 1 3 8 9 3 16 17 3 20 21 4 0 5 4 16 17 4 20 21 5 8 9 5 20 21 6 16 17 6 20 21 7 12 17 
17 1 0 1 1 8 13 1 20 21 2 0 1 2 12 17 2 20 21 3 0 5 4 0 1 4 12 13 4 20 21 5 4 5 5 12 17 5 20 21 6 8 17 6 20 21 7 0 1 7 16 17 
11 1 4 13 2 0 5 3 12 17 3 20 21 4 0 5 4 12 17 5 0 1 5 20 21 6 0 1 7 16 17 7 20 21 
12 1 0 1 1 8 13 2 8 9 2 16 17 3 8 9 3 16 17 4 16 17 5 20 21 6 8 9 7 0 5 7 16 17 7 20 21 
12 1 0 9 1 16 17 2 0 1 2 8 17 2 20 21 3 0 1 3 20 21 4 8 17 5 0 5 5 16 17 6 0 1 7 4 9 
15 1 4 5 1 16 17 2 8 17 2 20 21 3 4 5 3 16 17 3 20 21 4 0 1 4 12 13 5 4 5 5 12 17 5 20 21 6 12 13 7 12 13 7 20 21 
15 1 8 9 2 0 1 2 12 13 2 20 21 3 0 5 4 0 1 4 8 13 5 0 5 5 12 13 6 0 1 6 8 9 6 16 17 6 20 21 7 12 13 7 20 21 
16 1 4 5 1 12 17 1 20 21 2 0 5 2 12 17 2 20 21 3 8 13 3 20 21 4 0 1 4 8 9 4 16 17 5 0 5 5 12 17 6 12 17 7 4 9 7 20 21 
14 1 0 9 1 16 17 2 0 1 2 8 17 3 0 1 3 16 17 3 20 21 4 12 13 5 0 5 5 20 21 6 4 17 6 20 21 7 0 9 7 20 21 
17 1 4 5 1 16 17 1 20 21 2 0 1 2 8 9 2 16 17 3 4 13 3 20 21 4 8 9 4 20 21 5 0 9 5 16 17 6 12 13 6 20 21 7 0 5 7 12 13 7 20 21 
11 1 0 5 1 16 17 2 8 9 3 0 1 3 8 9 3 16 17 4 4 17 5 20 21 6 4 17 7 0 1 7 8 9 
16 1 4 5 1 12 13 1 20 21 2 0 9 2 16 17 2 20 21 3 0 17 3 20 21 4 0 9 4 16 17 5 8 9 5 16 17 6 0 1 6 16 17 7 0 17 7 20 21 
13 1 16 17 2 0 17 2 20 21 3 16 17 4 16 17 5 0 17 5 20 21 6 0 1 6 16 17 6 20 21 7 0 9 7 16 17 7 20 21 
12 1 4 5 1 16 17 1 20 21 2 8 17 3 0 1 3 16 17 4 0 5 4 16 17 4 20 21 5 8 9 6 0 13 7 12 17 
15 1 4 9 1 16 17 1 20 21 2 0 1 2 8 17 3 16 17 4 0 5 4 12 17 4 20 21 5 4 5 5 12 17 5 20 21 6 8 17 6 20 21 7 12 13 
15 1 0 1 1 8 17 2 0 1 2 8 17 2 20 21 3 0 9 4 0 1 4 12 13 5 0 1 5 12 13 6 4 5 6 12 13 7 0 1 7 8 9 7 16 17 
16 1 4 5 1 12 17 2 0 1 2 12 13 2 20 21 3 0 5 3 12 17 3 20 21 4 0 1 4 8 9 4 16 17 5 0 1 5 8 9 6 8 9 6 20 21 7 4 9 
13 1 4 5 1 12 17 2 0 5 2 12 17 2 20 21 3 0 5 4 12 13 4 20 21 5 0 5 5 16 17 5 20 21 6 0 9 7 8 9 
14 1 8 17 2 4 5 2 12 13 2 20 21 3 0 1 3 12 17 4 0 1 4 8 13 5 0 1 5 8 9 5 16 17 6 12 13 6 20 21 7 8 17 
16 1 0 1 1 8 17 1 20 21 2 0 5 2 12 13 2 20 21 3 16 17 3 20 21 4 8 17 4 20 21 5 4 5 5 12 13 6 0 5 6 20 21 7 0 5 7 12 13 
18 1 4 5 1 12 13 2 4 5 2 16 17 2 20 21 3 4 5 3 12 17 3 20 21 4 0 5 4 20 21 5 0 1 5 8 9 5 16 17 5 20 21 6 12 17 6 20 21 7 0 1 7 8 9 
13 1 4 13 2 0 1 2 8 13 2 20 21 3 0 1 3 20 21 4 4 9 5 4 9 5 16 17 6 4 13 6 20 21 7 0 1 7 16 17 
14 1 0 5 1 12 13 1 20 21 2 0 9 3 4 5 3 12 13 3 20 21 4 4 9 5 0 1 5 8 9 6 0 5 6 16 17 6 20 21 7 4 13 
12 1 0 1 1 12 17 1 20 21 2 4 13 3 8 13 3 20 21 4 0 5 5 8 9 5 20 21 6 8 13 7 0 1 7 8 9 
11 1 4 9 1 16 17 2 0 5 2 12 13 3 0 1 4 0 1 4 8 9 4 20 21 5 4 13 6 8 13 7 4 9 
15 1 4 5 2 0 1 2 8 9 2 16 17 3 0 1 3 8 9 3 20 21 4 0 1 4 8 17 5 8 9 5 20 21 6 0 1 6 8 17 7 0 1 7 8 13 
15 1 8 9 1 20 21 2 8 13 3 4 5 3 16 17 3 20 21 4 0 13 4 20 21 5 16 17 5 20 21 6 4 5 6 12 17 6 20 21 7 0 5 7 20 21 
16 1 0 1 1 16 17 2 4 5 2 12 13 3 0 1 3 8 9 3 20 21 4 0 1 4 12 13 5 4 5 5 12 13 6 0 5 6 12 17 6 20 21 7 8 13 7 20 21 
15 1 8 13 1 20 21 2 0 9 2 20 21 3 4 9 3 16 17 3 20 21 4 4 5 5 0 5 5 12 13 5 20 21 6 0 13 6 20 21 7 0 1 7 12 13 
13 1 0 5 1 16 17 2 4 5 2 20 21 4 0 5 4 16 17 4 20 21 5 0 1 5 12 17 6 0 5 6 20 21 7 4 5 7 16 17 
13 1 0 1 1 12 17 1 20 21 2 20 21 3 0 5 3 16 17 4 12 13 4 20 21 5 4 9 5 16 17 5 20 21 6 0 5 7 8 17 
14 1 5 7 1 17 22 2 5 7 2 17 22 3 5 7 3 17 22 4 5 7 4 17 22 5 5 7 5 17 22 6 5 7 6 17 22 7 5 7 7 17 22
14 1 2 3 1 8 13 2 2 3 2 8 13 3 2 3 3 8 13 4 2 3 4 8 13 5 2 3 5 8 13 6 2 3 6 8 13 7 2 3 7 8 13
7 1 1 11 2 1 11 3 1 11 4 1 11 5 1 11 6 1 11 7 1 11
7 1 12 24 2 12 24 3 12 24 4 12 24 5 12 24 6 12 24 7 12 24
7 1 5 14 2 5 14 3 5 14 4 5 14 5 5 14 6 5 14 7 5 14
7 1 5 23 2 5 23 3 5 23 4 5 23 5 5 23 6 5 23 7 5 23
7 1 2 23 3 2 23 2 2 23 4 2 23 5 2 23 6 2 23 7 2 23
7 1 2 23 3 2 23 2 2 23 4 2 23 5 2 23 6 2 23 7 2 23
7 1 2 23 3 2 23 2 2 23 4 2 23 5 2 23 6 2 23 7 2 23
14 1 0 3 1 17 23 2 0 3 2 17 23 3 0 3 3 17 23 4 0 3 4 17 23 5 0 3 5 17 23 6 0 3 6 17 23 7 0 3 7 17 23
14 1 5 7 1 17 22 2 5 7 2 17 22 3 5 7 3 17 22 4 5 7 4 17 22 5 5 7 5 17 22 6 5 7 6 17 22 7 5 7 7 17 22
14 1 2 3 1 8 13 2 2 3 2 8 13 3 2 3 3 8 13 4 2 3 4 8 13 5 2 3 5 8 13 6 2 3 6 8 13 7 2 3 7 8 13
7 1 1 11 2 1 11 3 1 11 4 1 11 5 1 11 6 1 11 7 1 11
7 1 12 24 2 12 24 3 12 24 4 12 24 5 12 24 6 12 24 7 12 24
7 1 5 14 2 5 14 3 5 14 4 5 14 5 5 14 6 5 14 7 5 14
7 1 5 23 2 5 23 3 5 23 4 5 23 5 5 23 6 5 23 7 5 23
7 1 6 23 3 6 23 2 6 23 4 6 23 5 6 23 6 6 23 7 6 23
7 1 6 23 3 6 23 2 6 23 4 6 23 5 6 23 6 6 23 7 6 23
7 1 6 23 3 6 23 2 6 23 4 6 23 5 6 23 6 6 23 7 6 23
14 1 0 3 1 17 23 2 0 3 2 17 23 3 0 3 3 17 23 4 0 3 4 17 23 5 0 3 5 17 23 6 0 3 6 17 23 7 0 3 7 17 23
14 1 5 7 1 17 22 2 5 7 2 17 22 3 5 7 3 17 22 4 5 7 4 17 22 5 5 7 5 17 22 6 5 7 6 17 22 7 5 7 7 17 22
14 1 2 3 1 8 13 2 2 3 2 8 13 3 2 3 3 8 13 4 2 3 4 8 13 5 2 3 5 8 13 6 2 3 6 8 13 7 2 3 7 8 13
7 1 1 11 2 1 11 3 1 11 4 1 11 5 1 11 6 1 11 7 1 11
7 1 12 24 2 12 24 3 12 24 4 12 24 5 12 24 6 12 24 7 12 24
7 1 5 14 2 5 14 3 5 14 4 5 14 5 5 14 6 5 14 7 5 14
7 1 5 23 2 5 23 3 5 23 4 5 23 5 5 23 6 5 23 7 8 24
8 1 6 23 3 6 23 2 6 23 4 6 23 5 6 23 6 6 23 7 0 7 7 17 22
7 1 6 23 3 6 23 2 6 23 4 6 23 5 6 23 6 6 23 7 0 15
7 1 6 23 3 6 23 2 6 23 4 6 23 5 6 23 6 6 23 7 6 23
14 1 0 3 1 17 23 2 0 3 2 17 23 3 0 3 3 17 23 4 0 3 4 17 23 5 0 3 5 17 23 6 0 3 6 17 23 7 0 3 7 17 23
14 1 5 7 1 17 22 2 5 7 2 17 22 3 5 7 3 17 22 4 5 7 4 17 22 5 5 7 5 17 22 6 5 7 6 17 22 7 5 7 7 17 22
14 1 2 3 1 8 13 2 2 3 2 8 13 3 2 3 3 8 13 4 2 3 4 8 13 5 2 3 5 8 13 6 2 3 6 8 13 7 2 3 7 8 13
7 1 1 11 2 1 11 3 1 11 4 1 11 5 1 11 6 1 11 7 1 11
7 1 12 24 2 12 24 3 12 24 4 12 24 5 12 24 6 12 24 7 12 24
7 1 5 14 2 5 14 3 5 14 4 5 14 5 5 14 6 5 14 7 5 14
7 1 5 23 2 5 23 3 5 23 4 5 23 5 5 23 6 5 23 7 8 24
8 1 6 23 3 6 23 2 6 23 4 6 23 5 6 23 6 6 23 7 0 7 7 17 22
7 1 6 23 3 6 23 2 6 23 4 6 23 5 6 23 6 6 23 7 0 17
7 1 6 23 3 6 23 2 6 23 4 6 23 5 6 23 6 6 23 7 6 23
14 1 0 3 1 17 23 2 0 3 2 17 23 3 0 3 3 17 23 4 0 3 4 17 23 5 0 3 5 17 23 6 0 3 6 17 23 7 0 3 7 17 23
14 1 5 7 1 17 22 2 5 7 2 17 22 3 5 7 3 17 22 4 5 7 4 17 22 5 5 7 5 17 22 6 5 7 6 17 22 7 5 7 7 17 22
14 1 2 3 1 8 13 2 2 3 2 8 13 3 2 3 3 8 13 4 2 3 4 8 13 5 2 3 5 8 13 6 2 3 6 8 13 7 2 3 7 8 13
7 1 1 11 2 1 11 3 1 11 4 1 11 5 1 11 6 1 11 7 1 11
7 1 12 24 2 12 24 3 12 24 4 12 24 5 12 24 6 12 24 7 12 24
7 1 5 14 2 5 14 3 5 14 4 5 14 5 5 14 6 5 14 7 5 14
7 1 5 23 2 5 23 3 5 23 4 5 23 5 5 23 6 5 23 7 3 24
8 1 6 23 3 6 23 2 6 23 4 6 23 5 6 23 6 6 23 7 0 9 7 17 22
7 1 6 23 3 6 23 2 6 23 4 6 23 5 6 23 6 6 23 7 0 17
7 1 6 23 3 6 23 2 6 23 4 6 23 5 6 23 6 6 23 7 6 23
14 1 0 3 1 17 23 2 0 3 2 17 23 3 0 3 3 17 23 4 0 3 4 17 23 5 0 3 5 17 23 6 0 3 6 17 23 7 0 3 7 17 23
14 1 5 7 1 17 22 2 5 7 2 17 22 3 5 7 3 17 22 4 5 7 4 17 22 5 5 7 5 17 22 6 5 7 6 17 22 7 5 7 7 17 22
14 1 2 3 1 8 13 2 2 3 2 8 13 3 2 3 3 8 13 4 2 3 4 8 13 5 2 3 5 8 13 6 2 3 6 8 13 7 2 3 7 8 13
7 1 1 11 2 1 11 3 1 11 4 1 11 5 1 11 6 1 11 7 1 11
7 1 12 24 2 12 24 3 12 24 4 12 24 5 12 24 6 12 24 7 12 24
7 1 5 14 2 5 14 3 5 14 4 5 14 5 5 14 6 5 14 7 5 14
7 1 5 23 2 5 23 3 5 23 4 5 23 5 5 23 6 5 23 7 3 24
8 1 6 23 3 6 23 2 6 23 4 6 23 5 6 23 6 6 23 7 0 8 7 17 22
7 1 6 23 3 6 23 2 6 23 4 6 23 5 6 23 6 6 23 7 0 17
7 1 6 23 3 6 23 2 6 23 4 6 23 5 6 23 6 6 23 7 6 23
14 1 0 3 1 17 23 2 0 3 2 17 23 3 0 3 3 17 23 4 0 3 4 17 23 5 0 3 5 17 23 6 0 3 6 17 23 7 0 3 7 17 23