1
7 1 0 24 2 0 24 3 0 24 4 0 24 5 0 24 6 0 24 7 0 24
6 1 0 24 2 0 24 3 0 24 4 0 24 5 0 24 6 0 24
5 1 0 24 2 0 24 3 0 24 4 0 24 5 0 24
4 1 0 24 2 0 24 3 0 24 4 0 24
4 1 0 24 2 0 24 3 0 24 4 0 23
1 1 0 24
2 1 10 12 2 3 7
7 1 0 24 2 0 24 3 0 24 4 0 24 5 0 24 6 0 24 7 0 24
7 1 0 24 2 0 24 3 0 24 4 0 24 5 0 24 6 0 24 7 0 24
7 1 0 24 2 0 24 3 0 24 4 0 24 5 0 24 6 0 24 7 0 24
7 1 0 1 2 0 1 3 0 1 4 0 1 5 0 1 6 0 1 7 0 1
7 1 1 2 2 1 2 3 1 2 4 1 2 5 1 2 6 1 2 7 1 2
1 2 1 2
1 3 1 2
1 4 1 2
1 5 1 2
1 6 1 2
1 7 1 2
1 2 2 3
1 2 3 4
