
1
11 1 9 12 1 21 22 2 0 2 2 9 23 3 5 23 4 1 2 4 13 23 5 1 19 6 4 16 6 20 23 7 1 19
9 1 1 23 2 1 15 3 2 3 3 8 24 4 0 24 5 0 7 6 1 3 6 17 23 7 17 24
14 1 1 6 1 13 17 2 0 8 2 17 24 3 1 2 3 9 20 4 0 11 4 22 23 5 10 23 6 0 2 6 13 17 7 0 3 7 9 11 7 17 23
12 1 0 8 1 13 22 2 9 11 2 20 21 3 1 2 3 17 18 4 4 24 5 1 23 6 0 15 6 23 24 7 0 11 7 21 22
15 1 5 11 1 16 24 2 0 12 2 16 17 3 0 15 3 21 22 4 1 2 4 9 10 4 17 23 5 9 16 5 21 23 6 0 14 6 21 22 7 0 2 7 9 23
12 1 0 16 2 5 23 3 5 10 3 17 22 4 5 7 4 13 15 4 21 22 5 0 4 5 8 19 6 8 12 6 17 18 7 5 18
12 1 0 4 1 9 23 2 0 19 3 0 8 3 21 22 4 4 19 5 5 6 5 13 24 6 0 8 6 17 22 7 1 15 7 20 21
9 1 0 24 2 13 23 3 1 23 4 0 4 4 9 10 5 1 24 6 5 19 7 5 6 7 13 16
11 1 0 8 1 12 15 2 0 16 2 21 22 3 5 19 4 0 8 4 13 19 5 0 12 5 21 22 6 0 24 7 0 24
13 1 9 10 1 17 24 2 0 8 2 13 21 3 3 5 3 13 14 3 21 22 4 0 24 5 3 5 5 17 23 6 0 24 7 3 5 7 11 24
14 1 5 7 1 17 22 2 5 7 2 17 22 3 5 7 3 17 22 4 5 7 4 17 22 5 5 7 5 17 22 6 5 7 6 17 22 7 5 7 7 17 22
14 1 2 3 1 8 13 2 2 3 2 8 13 3 2 3 3 8 13 4 2 3 4 8 13 5 2 3 5 8 13 6 2 3 6 8 13 7 2 3 7 8 13
7 1 1 11 2 1 11 3 1 11 4 1 11 5 1 11 6 1 11 7 1 11
7 1 12 24 2 12 24 3 12 24 4 12 24 5 12 24 6 12 24 7 12 24
7 1 5 14 2 5 14 3 5 14 4 5 14 5 5 14 6 5 14 7 5 14
7 1 5 23 2 5 23 3 5 23 4 5 23 5 5 23 6 5 23 7 3 24
8 1 6 23 3 6 23 2 6 23 4 6 23 5 6 23 6 6 23 7 0 9 7 17 22
7 1 6 23 3 6 23 2 6 23 4 6 23 5 6 23 6 6 23 7 0 17
7 1 6 23 3 6 23 2 6 23 4 6 23 5 6 23 6 6 23 7 6 23
14 1 0 3 1 17 23 2 0 3 2 17 23 3 0 3 3 17 23 4 0 3 4 17 23 5 0 3 5 17 23 6 0 3 6 17 23 7 0 3 7 17 23

4 1 3 5 1 5 6 1 7 9 2 3 11
0 0 0 0 0 0 0 0 0
