0.0 0.0 0.0
1.0 2.0 1.0
1.0 0.0 1.0
0.0 1.0 1.0
0.0 1.0 -2.0
-1.0 1.0 0.0
1.0 1.0 0.0
0.0 -1.0 0.0
0.0 0.0 1.0
0.0 0.0 -1.0
2.0 0.0 3.0
3.0 0.0 1.0
1.0 0.0 1.0
2.0 1.0 2.0
2.0 2.0 2.0
2.0 1.0 1.0
4.0 1.0 1.0
3.0 2.0 3.0
3.0 0.0 2.0
3.0 5.0 2.0
5.0 5.0 -5.0
5.0 -5.0 -5.0
5.0 0.0 10.0
0.0 0.0 0.0
-10.0 0.0 0.0
5.0 5.0 -5.0
5.0 -5.0 -5.0
5.0 0.0 10.0
0.0 0.0 0.0
10.0 0.0 1000.0
5.0 5.0 -5.0
5.0 -5.0 -5.0
5.0 0.0 10.0
0.0 0.0 0.0
10.0 0.0 20.1
5.0 5.0 -5.0
5.0 -5.0 -5.0
5.0 0.0 10.0
0.0 0.0 0.0
10.0 0.0 19.95
1000.0 2000.0 10000.0
17000.0 18000.0 20000.0
13000.0 27000.0 50000.0
10002.0 37000.0 58645.0
4000.0 -8000.0 1355.0
1000.0 2000.0 10000.0
17000.0 18000.0 20000.0
13000.0 27000.0 50000.0
9999.0 37000.0 58645.0
4000.0 -8000.0 1355.0