100
4 2
5 2
6 2
1000 1000
1000 1
853 763
500 127
671 600
1000 489
932 709
1000 510
581 498
2 1
883 734
999 1
1000 127
2 2
500 500
500 2
535 468
1000 2
337 261
506 480
1000 488
999 487
500 244
1000 309
824 730
642 522
999 498
3 1
647 527
500 117
1000 499
340 336
563 510
500 192
500 250
1000 999
999 488
954 863
999 512
1 1
500 116
562 466
999 511
1000 128
270 263
999 128
1000 256
500 100
500 128
285 271
1000 255
500 249
410 338
500 245
5 1
500 1
999 256
264 238
804 662
1000 512
999 354
999 127
500 256
771 707
999 998
295 274
500 255
3 2
266 206
999 2
520 479
448 357
872 818
612 591
630 598
876 854
999 255
756 656
999 499
995 747
1000 500
441 405
307 305
784 768
500 248
390 353
999 497
999 999
4 1
397 390
888 846
985 795
1000 511
978 781
516 475
1000 498
500 499
